
T(5)	-1.14	1.14	-2.65	2.65	
U(0,4)	3.98986e-17	4	3.98986e-17	4	
General	
start	
GU3/GE-C07	1175.5	1218.5	1054.5	1256	
GE-C08/GU5/GU4	1274.5	1285	1270.5	1293	
GE-C09	1300	1394	1290.5	1400	
GE-C10	1313	1398.5	1300.5	1408.5	
GE-C11	1422	1440.5	1411.5	1447	
GE-C14	1522	1638	1500	1644.5	
GE-C15	1528	1656.5	1518	1794.5	
end	
U(-2,2)	-2	2	-2	2	
guffert_t	-2	2	-2	2	
GE-C06	1277	1377	1269	1388	
GE-C12	1695.5	1916.5	1681	1940.5	
GE-C13	993.5	1113	991	1152	
	
	
@General	-20.5	43.5	-75.5	78.5	
@	
@	5.37764e-17	2.432	5.37764e-17	3.884	
@guffert_t	-1.972	-1.24	-2.02	-0.436	
@start	1087.5	1168.5	1021	1210.5	
@GU3/GE-C07	1188.5	1225.5	1170	1256	
@GE-C08/GU5/GU4	1274	1285	1269.5	1292	
@GE-C09	1310.5	1359	1297	1381	
@GE-C10	1354.5	1405	1334	1411.5	
@GE-C11	1415	1435.5	1389.5	1448	
@GE-C14	1558	1635.5	1518.5	1639	
@GE-C15	1631	1661	1530	1668	
@end	1637	1685	1536	1715	
@GE-C06	1277	1377	1269	1387.5	
@GE-C12	1695	1916	1680	1940.5	
@GE-C13	993.5	1041.5	991	1152	
@depthModel	1089	1169.5	1023.5	1211	
@depthModel	1090.5	1170.5	1026	1211.5	
@depthModel	1092.5	1171	1028	1212	
@depthModel	1095	1171.5	1029.5	1213	
@depthModel	1096	1173.5	1031	1214	
@depthModel	1097.5	1174.5	1032	1215	
@depthModel	1099.5	1175	1035	1215	
@depthModel	1101	1176.5	1038	1215.5	
@depthModel	1103	1177	1040.5	1216	
@depthModel	1104.5	1178.5	1042.5	1217	
@depthModel	1105.5	1180	1044.5	1218	
@depthModel	1107.5	1180.5	1045.5	1219	
@depthModel	1110	1180.5	1047.5	1220	
@depthModel	1111	1182.5	1050	1220.5	
@depthModel	1112.5	1183.5	1052.5	1220.5	
@depthModel	1114	1184.5	1055.5	1221	
@depthModel	1115.5	1185.5	1057.5	1222	
@depthModel	1117.5	1186	1059	1223	
@depthModel	1120	1186.5	1060.5	1225	
@depthModel	1120.5	1188.5	1063.5	1225	
@depthModel	1122	1189.5	1066	1226	
@depthModel	1124	1190	1069.5	1226	
@depthModel	1126	1191	1071	1227	
@depthModel	1127.5	1192	1073	1228.5	
@depthModel	1129	1193	1075	1229.5	
@depthModel	1130	1194.5	1077	1230	
@depthModel	1131.5	1195.5	1080.5	1230.5	
@depthModel	1134.5	1195.5	1082.5	1231.5	
@depthModel	1136	1196.5	1085.5	1232	
@depthModel	1137.5	1198	1087	1233.5	
@depthModel	1138.5	1199	1089.5	1234	
@depthModel	1140	1200	1091	1235.5	
@depthModel	1142	1201	1095	1235.5	
@depthModel	1145.5	1200.5	1097	1236.5	
@depthModel	1146	1202.5	1100	1236.5	
@depthModel	1147	1203.5	1101.5	1238.5	
@depthModel	1148.5	1204.5	1104.5	1239	
@depthModel	1150.5	1205.5	1106	1240.5	
@depthModel	1152	1206	1110	1240.5	
@depthModel	1155	1206	1112	1241.5	
@depthModel	1156	1207.5	1115	1242	
@depthModel	1156.5	1209	1117	1243	
@depthModel	1158	1209.5	1119	1244	
@depthModel	1160	1210.5	1120.5	1245.5	
@depthModel	1162	1211	1124.5	1245	
@depthModel	1164.5	1211.5	1127	1246	
@depthModel	1165.5	1212.5	1130.5	1246.5	
@depthModel	1166	1214	1132	1247.5	
@depthModel	1167	1215	1134.5	1248	
@depthModel	1169.5	1215	1136.5	1249.5	
@depthModel	1171.5	1216	1139.5	1249.5	
@depthModel	1174.5	1216	1142	1250.5	
@depthModel	1175.5	1217	1145.5	1250.5	
@depthModel	1176	1218	1148.5	1251	
@depthModel	1177	1219	1151	1251.5	
@depthModel	1177.5	1220	1153.5	1252	
@depthModel	1179.5	1220.5	1155.5	1252.5	
@depthModel	1182	1220.5	1158	1253	
@depthModel	1184.5	1221.5	1160.5	1253	
@depthModel	1185.5	1222.5	1161.5	1254.5	
@depthModel	1186.5	1223.5	1164.5	1253.5	
@depthModel	1187	1224	1165.5	1255	
@depthModel	1187.5	1225	1167.5	1255.5	
@depthModel	1192	1228.5	1174	1256	
@depthModel	1195.5	1231	1174.5	1258.5	
@depthModel	1195	1234.5	1175.5	1260.5	
@depthModel	1199	1237	1178.5	1261	
@depthModel	1200	1240.5	1180	1263	
@depthModel	1203.5	1243	1180.5	1265.5	
@depthModel	1205.5	1246	1185	1266	
@depthModel	1208.5	1248.5	1185	1269	
@depthModel	1211	1251.5	1187.5	1270.5	
@depthModel	1214	1253	1191	1272	
@depthModel	1216	1256.5	1192	1274.5	
@depthModel	1219	1258.5	1195.5	1275.5	
@depthModel	1221	1261	1199	1276.5	
@depthModel	1224.5	1263	1200	1278.5	
@depthModel	1226.5	1266	1201	1280	
@depthModel	1230	1268	1205.5	1281	
@depthModel	1233	1270	1209	1281.5	
@depthModel	1236.5	1271.5	1211	1283	
@depthModel	1239.5	1273.5	1213	1284	
@depthModel	1242.5	1275.5	1214.5	1285	
@depthModel	1246	1276.5	1217.5	1285.5	
@depthModel	1248.5	1278	1221.5	1286	
@depthModel	1250.5	1279.5	1225.5	1287	
@depthModel	1254	1280.5	1227.5	1288.5	
@depthModel	1257	1281	1230.5	1289.5	
@depthModel	1260.5	1282	1233.5	1290	
@depthModel	1263	1282.5	1239.5	1290.5	
@depthModel	1264.5	1284	1244.5	1291.5	
@depthModel	1266.5	1284.5	1249.5	1293	
@depthModel	1269.5	1285	1255	1294	
@depthModel	1271.5	1285.5	1261.5	1294.5	
@depthModel	1275.5	1286	1269.5	1296.5	
@depthModel	1275	1289.5	1269.5	1301.5	
@depthModel	1275.5	1291.5	1270.5	1306	
@depthModel	1275.5	1294.5	1270.5	1311.5	
@depthModel	1276.5	1296	1270.5	1316.5	
@depthModel	1277	1297.5	1271	1320	
@depthModel	1278	1299	1271.5	1322.5	
@depthModel	1279	1300.5	1271.5	1325.5	
@depthModel	1280	1302.5	1272.5	1327.5	
@depthModel	1280.5	1305.5	1273.5	1330	
@depthModel	1280.5	1309.5	1274.5	1332.5	
@depthModel	1282	1311.5	1275	1335.5	
@depthModel	1283.5	1312.5	1275.5	1340.5	
@depthModel	1284.5	1315	1276	1344	
@depthModel	1285.5	1317.5	1276.5	1345.5	
@depthModel	1286	1321	1277	1347.5	
@depthModel	1288.5	1322	1278	1349	
@depthModel	1289.5	1324.5	1279	1350.5	
@depthModel	1290.5	1327	1280	1354	
@depthModel	1291.5	1330.5	1281	1357	
@depthModel	1294	1331	1281.5	1359.5	
@depthModel	1295	1334	1283	1360.5	
@depthModel	1296	1337	1284.5	1361.5	
@depthModel	1297.5	1339	1285	1365	
@depthModel	1299.5	1340	1286.5	1367.5	
@depthModel	1300.5	1343	1288	1368.5	
@depthModel	1301.5	1346.5	1289.5	1370	
@depthModel	1303.5	1347	1290.5	1373	
@depthModel	1305	1349	1292	1375	
@depthModel	1306	1354	1293.5	1376	
@depthModel	1309	1354.5	1295.5	1380.5	
@depthModel	1312.5	1360.5	1298	1381.5	
@depthModel	1314.5	1360.5	1300	1381.5	
@depthModel	1315.5	1362.5	1300.5	1384.5	
@depthModel	1316	1365.5	1301	1386	
@depthModel	1318.5	1365.5	1302	1387	
@depthModel	1320	1366.5	1303.5	1387	
@depthModel	1320.5	1369	1304.5	1388.5	
@depthModel	1322	1371	1305	1390	
@depthModel	1324.5	1372	1306	1391	
@depthModel	1325	1374	1307.5	1392	
@depthModel	1327.5	1376	1308.5	1393	
@depthModel	1329.5	1377.5	1309	1394	
@depthModel	1330.5	1380.5	1310	1395	
@depthModel	1334	1381	1311.5	1396	
@depthModel	1335	1383.5	1313	1396.5	
@depthModel	1336	1385.5	1313.5	1398	
@depthModel	1340.5	1385.5	1314.5	1399	
@depthModel	1341	1388	1315	1400	
@depthModel	1341	1390	1316.5	1400.5	
@depthModel	1345	1390.5	1319.5	1401	
@depthModel	1346.5	1392	1320	1402.5	
@depthModel	1347	1393.5	1320.5	1403.5	
@depthModel	1347.5	1395	1320.5	1404.5	
@depthModel	1350	1396	1321.5	1405.5	
@depthModel	1350	1397.5	1325	1405.5	
@depthModel	1350.5	1398.5	1326	1406.5	
@depthModel	1350.5	1400	1327.5	1407.5	
@depthModel	1350.5	1401	1327.5	1409	
@depthModel	1352	1402	1328	1409.5	
@depthModel	1352.5	1403.5	1329	1410.5	
@depthModel	1352.5	1404.5	1331	1411	
@depthModel	1357.5	1406	1333.5	1414.5	
@depthModel	1359.5	1407	1335.5	1415.5	
@depthModel	1359.5	1408.5	1337	1418	
@depthModel	1360	1410	1337.5	1420	
@depthModel	1364	1411	1340.5	1421	
@depthModel	1380	1413	1341.5	1423	
@depthModel	1379	1414.5	1341	1425	
@depthModel	1380	1416	1344.5	1425.5	
@depthModel	1380.5	1417.5	1346	1427	
@depthModel	1381	1419	1347	1428.5	
@depthModel	1381.5	1420	1347.5	1430	
@depthModel	1384.5	1420.5	1350.5	1430.5	
@depthModel	1386	1421.5	1353	1431.5	
@depthModel	1387.5	1422	1353.5	1433	
@depthModel	1388.5	1423.5	1354	1434.5	
@depthModel	1389.5	1424.5	1355.5	1435.5	
@depthModel	1391	1425.5	1359	1435.5	
@depthModel	1393.5	1426	1361.5	1436.5	
@depthModel	1395.5	1426	1363	1438	
@depthModel	1396	1428	1364	1439	
@depthModel	1397.5	1428.5	1365.5	1439.5	
@depthModel	1399	1429.5	1366.5	1440.5	
@depthModel	1400.5	1430.5	1371	1441	
@depthModel	1402.5	1431	1374	1442	
@depthModel	1405	1430.5	1376.5	1442.5	
@depthModel	1406	1432	1378.5	1443.5	
@depthModel	1407	1433	1380.5	1444	
@depthModel	1408.5	1433.5	1382	1444.5	
@depthModel	1410	1434	1384.5	1445	
@depthModel	1410.5	1435	1386.5	1445.5	
@depthModel	1412.5	1435.5	1390	1446	
@depthModel	1416	1436.5	1390.5	1450	
@depthModel	1415.5	1438.5	1392.5	1453	
@depthModel	1415.5	1440	1394	1455	
@depthModel	1417	1441	1395	1458.5	
@depthModel	1418.5	1442	1396.5	1461	
@depthModel	1418.5	1444	1397	1464	
@depthModel	1419	1445	1399	1465.5	
@depthModel	1420.5	1446	1400	1469	
@depthModel	1420.5	1448	1401	1471	
@depthModel	1420.5	1450.5	1402	1473.5	
@depthModel	1422	1451	1403.5	1475	
@depthModel	1423	1452	1405.5	1477	
@depthModel	1424	1453.5	1405.5	1480.5	
@depthModel	1424.5	1455	1406.5	1481.5	
@depthModel	1425.5	1456	1407.5	1483	
@depthModel	1425.5	1458.5	1409	1484.5	
@depthModel	1426	1460.5	1410.5	1485.5	
@depthModel	1427.5	1461	1410.5	1489.5	
@depthModel	1429	1461.5	1411	1491	
@depthModel	1429.5	1463.5	1412	1492	
@depthModel	1430	1465	1413	1493	
@depthModel	1431	1466.5	1414	1494.5	
@depthModel	1431.5	1468.5	1415.5	1495.5	
@depthModel	1432.5	1469.5	1415.5	1499.5	
@depthModel	1434	1470.5	1416	1501	
@depthModel	1435.5	1471.5	1416.5	1503	
@depthModel	1435.5	1474	1417.5	1503.5	
@depthModel	1436	1475.5	1418.5	1504.5	
@depthModel	1437.5	1476.5	1419.5	1505.5	
@depthModel	1439	1477.5	1420	1508	
@depthModel	1439.5	1479.5	1420.5	1510.5	
@depthModel	1440.5	1480.5	1421	1512	
@depthModel	1441.5	1482.5	1421.5	1514	
@depthModel	1442	1484.5	1422	1515	
@depthModel	1443.5	1485	1423.5	1515.5	
@depthModel	1445.5	1485.5	1425	1516.5	
@depthModel	1445.5	1488.5	1425	1519.5	
@depthModel	1446	1490.5	1425.5	1521	
@depthModel	1448	1491.5	1426	1523	
@depthModel	1449.5	1492.5	1426.5	1524.5	
@depthModel	1450	1494.5	1427.5	1525.5	
@depthModel	1451	1496	1429	1526	
@depthModel	1452.5	1497.5	1429.5	1528	
@depthModel	1453.5	1499	1430	1529.5	
@depthModel	1455	1500	1430.5	1531	
@depthModel	1456	1501.5	1431	1533	
@depthModel	1456.5	1504	1431.5	1535	
@depthModel	1457.5	1505	1432.5	1535.5	
@depthModel	1460	1505.5	1434.5	1536	
@depthModel	1460.5	1508	1435	1538	
@depthModel	1460.5	1510.5	1435	1540	
@depthModel	1462.5	1511	1436	1541.5	
@depthModel	1464.5	1511.5	1436.5	1543	
@depthModel	1465	1514	1438	1544	
@depthModel	1465.5	1515.5	1439	1545.5	
@depthModel	1467.5	1516.5	1440.5	1545.5	
@depthModel	1468.5	1518.5	1440.5	1548.5	
@depthModel	1469.5	1520	1440.5	1550.5	
@depthModel	1471	1521	1442	1551.5	
@depthModel	1471.5	1523	1443	1553	
@depthModel	1472.5	1525	1444	1554	
@depthModel	1474.5	1525.5	1445	1555.5	
@depthModel	1475.5	1527	1446	1557	
@depthModel	1475.5	1529.5	1445.5	1560.5	
@depthModel	1477	1530.5	1447.5	1560.5	
@depthModel	1479.5	1531	1449	1561	
@depthModel	1480	1533	1450	1562.5	
@depthModel	1480.5	1535	1450	1565	
@depthModel	1482	1536	1451.5	1566.5	
@depthModel	1484	1537	1452	1568	
@depthModel	1484.5	1539	1453.5	1568.5	
@depthModel	1485.5	1540.5	1454.5	1570	
@depthModel	1487	1542	1455.5	1571.5	
@depthModel	1487.5	1543.5	1456	1574.5	
@depthModel	1489	1545	1457	1575.5	
@depthModel	1490.5	1546	1458.5	1576	
@depthModel	1491.5	1547.5	1460	1577	
@depthModel	1491.5	1549.5	1460	1579.5	
@depthModel	1494	1550.5	1461	1581	
@depthModel	1495.5	1551.5	1462	1582.5	
@depthModel	1495.5	1553.5	1463	1583.5	
@depthModel	1496	1555.5	1464.5	1584.5	
@depthModel	1498.5	1556	1465.5	1586.5	
@depthModel	1499.5	1557.5	1466	1588.5	
@depthModel	1500	1559.5	1467	1589.5	
@depthModel	1501.5	1561	1468.5	1590.5	
@depthModel	1503	1561.5	1470.5	1591	
@depthModel	1504	1563.5	1470.5	1594	
@depthModel	1505	1565	1471	1595.5	
@depthModel	1506	1566	1472.5	1596	
@depthModel	1507	1567.5	1474.5	1597	
@depthModel	1508	1569	1475	1599.5	
@depthModel	1509.5	1570	1476	1601	
@depthModel	1510.5	1571.5	1477.5	1602	
@depthModel	1511.5	1573.5	1479	1603	
@depthModel	1511.5	1575	1479.5	1605	
@depthModel	1513.5	1575.5	1481	1606	
@depthModel	1515.5	1576.5	1482	1607.5	
@depthModel	1515.5	1579	1483.5	1608.5	
@depthModel	1515.5	1580.5	1484.5	1610	
@depthModel	1518	1581	1486	1611.5	
@depthModel	1519	1583	1487	1612.5	
@depthModel	1519.5	1584.5	1488	1614	
@depthModel	1520.5	1585.5	1489.5	1615	
@depthModel	1522.5	1587	1491	1616.5	
@depthModel	1522.5	1589	1492	1617.5	
@depthModel	1524	1590	1493	1619	
@depthModel	1526	1591.5	1494.5	1620	
@depthModel	1526.5	1594	1496	1621	
@depthModel	1528.5	1595.5	1497.5	1622	
@depthModel	1530.5	1599	1498	1623.5	
@depthModel	1532	1601	1499.5	1625	
@depthModel	1534.5	1601.5	1501	1625.5	
@depthModel	1536.5	1608	1502.5	1626.5	
@depthModel	1538.5	1611.5	1504	1627.5	
@depthModel	1540	1615	1504	1629	
@depthModel	1541.5	1617.5	1505	1630	
@depthModel	1544	1619.5	1507	1630.5	
@depthModel	1545.5	1622	1510	1631	
@depthModel	1545.5	1624	1510.5	1632	
@depthModel	1548	1625.5	1511	1633.5	
@depthModel	1550	1627	1511	1634.5	
@depthModel	1550.5	1629	1512.5	1635	
@depthModel	1551.5	1630.5	1515.5	1635.5	
@depthModel	1552.5	1632	1516.5	1636.5	
@depthModel	1555.5	1632.5	1517.5	1637.5	
@depthModel	1557.5	1634	1518	1638	
@depthModel	1559.5	1636.5	1518	1640	
@depthModel	1564	1636.5	1520	1640.5	
@depthModel	1565.5	1637.5	1521	1641.5	
@depthModel	1569.5	1637	1521.5	1642.5	
@depthModel	1572	1638	1521	1644	
@depthModel	1575	1638	1520.5	1645	
@depthModel	1576	1639.5	1521	1645.5	
@depthModel	1577.5	1640	1522	1646	
@depthModel	1581	1641	1523.5	1646.5	
@depthModel	1583.5	1641	1523.5	1648	
@depthModel	1585	1642.5	1523	1649	
@depthModel	1586	1643.5	1523.5	1650	
@depthModel	1587	1645	1524.5	1650.5	
@depthModel	1590	1645.5	1526	1651	
@depthModel	1592.5	1646	1526	1652.5	
@depthModel	1595	1647	1526	1653.5	
@depthModel	1596.5	1648	1526	1654.5	
@depthModel	1597.5	1649.5	1525.5	1655.5	
@depthModel	1600	1650	1527.5	1655.5	
@depthModel	1603	1650.5	1528	1657	
@depthModel	1606	1651.5	1527.5	1658	
@depthModel	1608	1652.5	1527.5	1659	
@depthModel	1609.5	1653.5	1527	1660	
@depthModel	1610.5	1655	1527.5	1660.5	
@depthModel	1614	1655	1527	1662.5	
@depthModel	1616.5	1656	1527	1663.5	
@depthModel	1620	1656	1526.5	1664.5	
@depthModel	1621.5	1657.5	1527	1665	
@depthModel	1623.5	1658.5	1527.5	1665.5	
@depthModel	1625.5	1659.5	1528	1666.5	
@depthModel	1628	1660	1528.5	1667.5	
@depthModel	1631.5	1662	1530	1670.5	
@depthModel	1631.5	1663.5	1529.5	1674.5	
@depthModel	1631	1665.5	1530	1678.5	
@depthModel	1632	1666.5	1530.5	1682	
@depthModel	1632.5	1668	1530.5	1685.5	
@depthModel	1633	1669	1530.5	1690.5	
@depthModel	1633.5	1670.5	1530.5	1695	
@depthModel	1634	1672	1531.5	1698.5	
@depthModel	1634	1674	1532	1699.5	
@depthModel	1635	1675.5	1533	1700.5	
@depthModel	1635.5	1677	1533.5	1702	
@depthModel	1635.5	1679.5	1534.5	1705	
@depthModel	1636	1681	1535	1706.5	
@depthModel	1636.5	1682.5	1535	1710	
@depthModel	1636.5	1684	1535.5	1712.5	