
T(5)	-1.14	1.14	-2.65	2.65	
U(0,4)	3.98986e-17	4	3.98986e-17	4	
General	
start	
BL-C10	1050.5	1202.5	1045	1215	
BL-C11	1229.5	1273.5	1225.5	1275.5	
BL-C26	1477.5	1625.5	1458.5	1635.5	
BL-C12	1522.5	1639.5	1501.5	1646	
BL-C27	1460.5	1620.5	1451	1635	
BL-C28	1648	1799	1642		
SURF	1883	1884	1883	1884	
end	
U(-2,2)	-2	2	-2	2	
Baerenloch_m	-2	2	-2	2	
BL-C24	1674.5	1943	1666.5		
	
	
@General	-30	48	-110	217	
@	
@	5.37764e-17	2.496	5.37764e-17	3.916	
@Baerenloch_m	-2.02	-1.916	-2.02	-1.816	
@start	1152.5	1211.5	1051	1219.5	
@BL-C10	1152.5	1211.5	1051	1219.5	
@BL-C11	1234.5	1275.5	1226	1278.5	
@BL-C26	1470.5	1515	1449.5	1560.5	
@BL-C12	1490	1531	1477.5	1577	
@BL-C27	1488.5	1533.5	1479	1586	
@BL-C28	1765.5	1799.5	1658.5	1805.5	
@SURF	1883.1	1883.9	1882.7	1884.3	
@end	1883.1	1883.9	1882.7	1884.3	
@BL-C24	1675	1942.5	1667	1947.5	
@depthModel	1153	1211.5	1050.5	1220.5	
@depthModel	1153.5	1212	1051	1224	
@depthModel	1154	1212.5	1052	1227	
@depthModel	1154.5	1213.5	1052.5	1231	
@depthModel	1155	1214	1053	1234.5	
@depthModel	1155.5	1215	1054	1238	
@depthModel	1156	1215.5	1054.5	1240.5	
@depthModel	1156.5	1216.5	1055.5	1244	
@depthModel	1157	1217	1057	1246	
@depthModel	1156.5	1219	1058.5	1248.5	
@depthModel	1157.5	1219.5	1060	1250.5	
@depthModel	1158	1220	1061	1253	
@depthModel	1159	1220.5	1063	1254.5	
@depthModel	1159.5	1221.5	1065	1256.5	
@depthModel	1160	1223.5	1066.5	1258.5	
@depthModel	1160	1225	1067.5	1260.5	
@depthModel	1161	1227	1070.5	1261	
@depthModel	1162.5	1228.5	1071	1263	
@depthModel	1164	1229.5	1073	1264	
@depthModel	1165.5	1230.5	1074.5	1265	
@depthModel	1166	1233	1076	1266	
@depthModel	1167	1235	1078	1267.5	
@depthModel	1170.5	1235.5	1103	1268	
@depthModel	1170.5	1238.5	1103	1269	
@depthModel	1171.5	1240.5	1105	1269.5	
@depthModel	1175	1240.5	1109	1270.5	
@depthModel	1175.5	1243.5	1119.5	1271	
@depthModel	1177	1245.5	1122	1271.5	
@depthModel	1181	1246.5	1124.5	1272	
@depthModel	1181.5	1249.5	1127	1272.5	
@depthModel	1186	1251	1129	1273	
@depthModel	1187	1254	1131	1273.5	
@depthModel	1190	1255	1133.5	1274	
@depthModel	1192.5	1256	1136	1274	
@depthModel	1194.5	1257	1138	1274.5	
@depthModel	1195.5	1259.5	1140	1275	
@depthModel	1198	1260	1142	1275	
@depthModel	1200.5	1260.5	1144	1275.5	
@depthModel	1202	1261.5	1147	1275.5	
@depthModel	1204	1262.5	1151.5	1276	
@depthModel	1205	1264	1155.5	1276	
@depthModel	1207	1265	1158	1276	
@depthModel	1210	1265.5	1160	1276.5	
@depthModel	1212.5	1266	1162	1277	
@depthModel	1215	1266.5	1164.5	1277	
@depthModel	1216	1267.5	1166.5	1277.5	
@depthModel	1217.5	1268	1169	1277.5	
@depthModel	1218.5	1269	1170.5	1278	
@depthModel	1220	1269	1173.5	1278.5	
@depthModel	1221	1270	1175.5	1278.5	
@depthModel	1223	1270	1178	1279	
@depthModel	1225	1270	1180	1279	
@depthModel	1226	1270.5	1183	1279.5	
@depthModel	1228.5	1270.5	1185.5	1279.5	
@depthModel	1230.5	1270.5	1188.5	1279.5	
@depthModel	1231.5	1271.5	1191	1280	
@depthModel	1232	1272	1195	1280	
@depthModel	1233.5	1272	1198.5	1280	
@depthModel	1234	1272.5	1203	1280	
@depthModel	1234	1273.5	1207.5	1280.5	
@depthModel	1234	1274	1213.5	1280.5	
@depthModel	1234	1274.5	1219	1280	
@depthModel	1234.5	1275	1223.5	1279	
@depthModel	1232.5	1278	1220.5	1509.5	
@depthModel	1225.5	1497	1221.5	1519.5	
@depthModel	1228	1510	1223.5	1522.5	
@depthModel	1232	1516	1224.5	1526.5	
@depthModel	1240	1520.5	1228	1528	
@depthModel	1260.5	1523.5	1230.5	1530.5	
@depthModel	1460	1516.5	1237	1564	
@depthModel	1472.5	1515.5	1451	1558	
@depthModel	1474.5	1516	1452	1558	
@depthModel	1475	1518	1453	1558.5	
@depthModel	1475.5	1520.5	1454.5	1559.5	
@depthModel	1477	1520.5	1455.5	1563	
@depthModel	1479	1521.5	1456	1565	
@depthModel	1479.5	1522.5	1457.5	1565	
@depthModel	1480	1524.5	1458.5	1566	
@depthModel	1481	1525.5	1460.5	1567.5	
@depthModel	1483.5	1526	1462	1570.5	
@depthModel	1485	1526.5	1465.5	1570.5	
@depthModel	1485	1528.5	1466.5	1574.5	
@depthModel	1485	1529.5	1470.5	1575.5	
@depthModel	1485.5	1530.5	1473	1576	
@depthModel	1487.5	1531	1475.5	1577.5	
@depthModel	1489.5	1532	1478	1579	
@depthModel	1489	1532.5	1478	1581	
@depthModel	1489	1533	1478.5	1583.5	
@depthModel	1489	1535	1480	1586.5	
@depthModel	1490.5	1542.5	1480	1589	
@depthModel	1491.5	1543.5	1480.5	1590.5	
@depthModel	1492	1544.5	1481	1592.5	
@depthModel	1493	1545	1481	1595	
@depthModel	1494	1546	1481.5	1595.5	
@depthModel	1495	1546.5	1482	1596	
@depthModel	1495	1549	1482.5	1597	
@depthModel	1495.5	1552	1483.5	1597.5	
@depthModel	1496.5	1554	1484	1598.5	
@depthModel	1497.5	1554.5	1484.5	1600	
@depthModel	1498	1555	1485	1600.5	
@depthModel	1499	1555.5	1485.5	1602.5	
@depthModel	1500	1556.5	1485.5	1605	
@depthModel	1500.5	1560.5	1486	1606	
@depthModel	1501	1562	1486	1608	
@depthModel	1502	1563	1487	1609	
@depthModel	1503	1563.5	1487.5	1609.5	
@depthModel	1504	1564	1488	1610.5	
@depthModel	1505	1565	1489	1611	
@depthModel	1505.5	1566.5	1490	1612	
@depthModel	1505.5	1570.5	1490	1614	
@depthModel	1506.5	1571	1490.5	1615.5	
@depthModel	1507	1571.5	1491	1617.5	
@depthModel	1508	1572	1491	1619.5	
@depthModel	1509	1572.5	1491.5	1620	
@depthModel	1510	1573.5	1492.5	1621	
@depthModel	1510.5	1575	1493	1621.5	
@depthModel	1511	1577.5	1494	1622	
@depthModel	1511.5	1579	1494.5	1623.5	
@depthModel	1512.5	1579.5	1495	1625	
@depthModel	1513.5	1580	1495.5	1627	
@depthModel	1514.5	1580.5	1495.5	1629	
@depthModel	1515.5	1582	1496	1630.5	
@depthModel	1515.5	1585	1497	1631	
@depthModel	1516	1586	1497.5	1631.5	
@depthModel	1517	1587	1498.5	1632	
@depthModel	1518	1587.5	1499.5	1633	
@depthModel	1519	1588	1500	1634.5	
@depthModel	1520	1589.5	1500.5	1635.5	
@depthModel	1520.5	1590.5	1500.5	1638	
@depthModel	1521	1593	1500.5	1640.5	
@depthModel	1521.5	1594.5	1501.5	1640.5	
@depthModel	1522.5	1595	1502	1641.5	
@depthModel	1523.5	1595.5	1503.5	1641.5	
@depthModel	1525	1596	1504	1642.5	
@depthModel	1525.5	1598	1504.5	1644	
@depthModel	1525.5	1600.5	1505	1645.5	
@depthModel	1526.5	1601.5	1505.5	1646.5	
@depthModel	1527.5	1602	1506	1649	
@depthModel	1529	1602.5	1506.5	1650	
@depthModel	1529.5	1603.5	1507.5	1650.5	
@depthModel	1530.5	1605.5	1508.5	1651	
@depthModel	1531	1607	1509.5	1651.5	
@depthModel	1531.5	1609	1510	1653	
@depthModel	1532.5	1609.5	1510	1655	
@depthModel	1534	1610	1511	1656	
@depthModel	1535.5	1610.5	1511	1657.5	
@depthModel	1535.5	1613	1511.5	1659	
@depthModel	1536	1615.5	1512.5	1659.5	
@depthModel	1537.5	1616	1513.5	1660	
@depthModel	1539	1616	1514.5	1660.5	
@depthModel	1540	1617	1515.5	1661.5	
@depthModel	1540	1619	1515.5	1664	
@depthModel	1541	1620.5	1515.5	1665.5	
@depthModel	1542	1622	1516.5	1666.5	
@depthModel	1543	1622.5	1517	1667.5	
@depthModel	1544	1623.5	1518	1668	
@depthModel	1545	1625	1519.5	1668.5	
@depthModel	1546	1626.5	1520	1670	
@depthModel	1546.5	1628	1520.5	1671	
@depthModel	1547.5	1629	1521	1673	
@depthModel	1549	1629.5	1521	1675	
@depthModel	1550.5	1630.5	1522	1675	
@depthModel	1551	1632.5	1523	1675.5	
@depthModel	1551	1635	1524	1676	
@depthModel	1553	1635	1525	1677	
@depthModel	1554.5	1635.5	1525	1679	
@depthModel	1555.5	1636.5	1525.5	1680.5	
@depthModel	1555.5	1639	1526	1681.5	
@depthModel	1556	1640.5	1527	1682.5	
@depthModel	1558	1641	1528	1683	
@depthModel	1560	1641	1529	1684	
@depthModel	1560	1643	1530	1685	
@depthModel	1560.5	1645	1530.5	1686	
@depthModel	1561.5	1646	1531	1687.5	
@depthModel	1563	1646.5	1531	1689.5	
@depthModel	1564.5	1647	1532	1690	
@depthModel	1565	1649	1533.5	1690	
@depthModel	1565.5	1650.5	1534.5	1690.5	
@depthModel	1567	1651.5	1535.5	1691.5	
@depthModel	1568	1652.5	1535.5	1694	
@depthModel	1569	1654	1536	1695.5	
@depthModel	1570	1655	1537	1696	
@depthModel	1571	1656	1538	1696.5	
@depthModel	1572	1657.5	1539	1697	
@depthModel	1573	1658.5	1539.5	1698.5	
@depthModel	1574	1659.5	1540	1700	
@depthModel	1575.5	1660.5	1541	1701	
@depthModel	1576	1662	1541.5	1702	
@depthModel	1577	1664	1542.5	1703	
@depthModel	1578.5	1664.5	1544	1703.5	
@depthModel	1579.5	1665	1544.5	1704.5	
@depthModel	1581	1666	1545.5	1705.5	
@depthModel	1581.5	1667.5	1546	1707	
@depthModel	1582	1669.5	1546.5	1708	
@depthModel	1583.5	1670	1547	1709	
@depthModel	1585.5	1670.5	1548	1710	
@depthModel	1586	1672	1549.5	1710	
@depthModel	1586.5	1674	1550.5	1711	
@depthModel	1588	1675	1551	1712.5	
@depthModel	1589.5	1675.5	1551	1714.5	
@depthModel	1590.5	1676.5	1552	1715	
@depthModel	1591	1678.5	1553.5	1715.5	
@depthModel	1591.5	1680	1555	1715.5	
@depthModel	1593.5	1680.5	1555.5	1717	
@depthModel	1595.5	1680.5	1555.5	1719	
@depthModel	1595.5	1682	1555.5	1720.5	
@depthModel	1596	1684	1557	1720.5	
@depthModel	1597	1685	1558.5	1721	
@depthModel	1599	1685.5	1560	1721.5	
@depthModel	1600.5	1686	1560	1723	
@depthModel	1601	1688	1560.5	1724.5	
@depthModel	1600.5	1690	1561	1725.5	
@depthModel	1602.5	1690.5	1563	1725.5	
@depthModel	1605	1690.5	1564.5	1726	
@depthModel	1605.5	1692.5	1565	1727	
@depthModel	1605.5	1694.5	1565	1729	
@depthModel	1607	1695.5	1565.5	1730.5	
@depthModel	1609.5	1695.5	1566.5	1731	
@depthModel	1610.5	1697	1568.5	1731	
@depthModel	1610.5	1698.5	1569.5	1732	
@depthModel	1611	1700	1570	1733.5	
@depthModel	1613.5	1700.5	1570	1734.5	
@depthModel	1615.5	1700.5	1571	1735.5	
@depthModel	1615.5	1702.5	1572.5	1736	
@depthModel	1616	1704	1574	1736	
@depthModel	1617	1705	1574.5	1737.5	
@depthModel	1619.5	1705.5	1575	1738.5	
@depthModel	1620.5	1706	1575.5	1740	
@depthModel	1621	1708	1576.5	1740.5	
@depthModel	1621	1710	1578.5	1741	
@depthModel	1623.5	1710.5	1580	1741.5	
@depthModel	1625.5	1710.5	1580	1743	
@depthModel	1626	1712	1580.5	1744	
@depthModel	1626.5	1713.5	1580.5	1745.5	
@depthModel	1627.5	1715	1582.5	1745.5	
@depthModel	1629.5	1715.5	1584.5	1745.5	
@depthModel	1631	1716.5	1585.5	1746.5	
@depthModel	1631.5	1717.5	1585.5	1748	
@depthModel	1632	1719.5	1585.5	1749.5	
@depthModel	1633.5	1720	1586	1750.5	
@depthModel	1635.5	1720.5	1588	1750.5	
@depthModel	1636.5	1721.5	1590	1750.5	
@depthModel	1637.5	1723	1590.5	1751.5	
@depthModel	1638	1724.5	1591	1753	
@depthModel	1640	1725	1591.5	1754	
@depthModel	1641.5	1726	1592	1755	
@depthModel	1643	1727	1594	1755.5	
@depthModel	1643	1729	1595.5	1755.5	
@depthModel	1644.5	1729.5	1596.5	1756.5	
@depthModel	1646	1730.5	1597	1757.5	
@depthModel	1648	1731	1597.5	1758.5	
@depthModel	1649	1732.5	1598	1759.5	
@depthModel	1649.5	1733.5	1599.5	1760	
@depthModel	1650.5	1735	1600.5	1760.5	
@depthModel	1652	1735.5	1602	1761.5	
@depthModel	1654.5	1736	1603.5	1762	
@depthModel	1655	1737	1603.5	1763	
@depthModel	1655.5	1738.5	1604	1764	
@depthModel	1655.5	1740.5	1605	1765	
@depthModel	1658	1740.5	1606	1765.5	
@depthModel	1660.5	1741	1608	1766	
@depthModel	1661	1742	1609.5	1766.5	
@depthModel	1661.5	1744	1610	1767.5	
@depthModel	1662.5	1745	1610.5	1768.5	
@depthModel	1664.5	1745.5	1610.5	1769.5	
@depthModel	1666	1746	1610.5	1770.5	
@depthModel	1667	1747	1613	1770.5	
@depthModel	1668	1748.5	1615.5	1770.5	
@depthModel	1669.5	1749.5	1616	1771.5	
@depthModel	1670.5	1750.5	1617	1772	
@depthModel	1672.5	1751	1617.5	1773	
@depthModel	1674	1751.5	1617.5	1774	
@depthModel	1674.5	1753	1618	1775	
@depthModel	1675.5	1754	1619.5	1775	
@depthModel	1676	1755.5	1621	1775.5	
@depthModel	1678.5	1755.5	1623	1776	
@depthModel	1680.5	1756	1624	1777	
@depthModel	1681	1757.5	1624.5	1777.5	
@depthModel	1682	1758.5	1625	1778.5	
@depthModel	1683	1760	1625	1779.5	
@depthModel	1685	1760	1625.5	1780	
@depthModel	1686	1761	1626	1780.5	
@depthModel	1688	1761.5	1629	1780.5	
@depthModel	1688.5	1763	1631	1781	
@depthModel	1689.5	1764	1632	1781.5	
@depthModel	1690.5	1765	1632.5	1782.5	
@depthModel	1692	1765.5	1632.5	1783	
@depthModel	1695	1765.5	1633	1784	
@depthModel	1695.5	1766.5	1633.5	1784.5	
@depthModel	1696.5	1767.5	1633.5	1785	
@depthModel	1697	1769	1635	1785.5	
@depthModel	1698.5	1769.5	1637.5	1785.5	
@depthModel	1700	1770.5	1639.5	1786	
@depthModel	1702	1771	1640	1786.5	
@depthModel	1704	1771.5	1640.5	1787.5	
@depthModel	1704.5	1772.5	1641	1788	
@depthModel	1705	1773.5	1641.5	1788.5	
@depthModel	1705.5	1775	1642	1789	
@depthModel	1707.5	1775.5	1642.5	1789.5	
@depthModel	1710.5	1775.5	1642.5	1790	
@depthModel	1711.5	1776.5	1643.5	1790.5	
@depthModel	1713	1777	1646	1790.5	
@depthModel	1713.5	1778	1645.5	1791.5	
@depthModel	1714	1779	1645.5	1792	
@depthModel	1715	1780	1645.5	1792.5	
@depthModel	1717	1780.5	1645	1793	
@depthModel	1720	1780.5	1644	1793.5	
@depthModel	1720.5	1781.5	1644	1794	
@depthModel	1722	1782	1644	1794.5	
@depthModel	1722.5	1783	1643.5	1795	
@depthModel	1723	1784	1643.5	1795	
@depthModel	1724	1784.5	1644	1795.5	
@depthModel	1725.5	1785	1644.5	1796	
@depthModel	1727	1785.5	1644.5	1796.5	
@depthModel	1730	1785.5	1645	1797	
@depthModel	1731	1786	1645	1797.5	
@depthModel	1732	1787	1645	1798	
@depthModel	1733	1787.5	1645.5	1798.5	
@depthModel	1733.5	1788	1645.5	1799	
@depthModel	1734	1789	1645.5	1799.5	
@depthModel	1735	1789.5	1645	1799.5	
@depthModel	1735.5	1790	1645.5	1800	
@depthModel	1738	1790.5	1645.5	1800	
@depthModel	1741	1790.5	1645.5	1800	
@depthModel	1742.5	1791	1645.5	1800.5	
@depthModel	1743	1792	1647	1800.5	
@depthModel	1743.5	1792.5	1647.5	1801	
@depthModel	1743.5	1793	1649.5	1801	
@depthModel	1744	1793.5	1649	1802	
@depthModel	1743.5	1794.5	1649.5	1802.5	
@depthModel	1743	1795	1650.5	1802.5	
@depthModel	1743.5	1795.5	1650.5	1803	
@depthModel	1744.5	1796	1651	1803.5	
@depthModel	1757.5	1796.5	1652	1804	
@depthModel	1759	1797	1651.5	1804	
@depthModel	1760	1797.5	1652.5	1804.5	
@depthModel	1760.5	1798	1652.5	1804.5	
@depthModel	1761.5	1798.5	1654	1805	
@depthModel	1762	1798.5	1654.5	1805	
@depthModel	1763.5	1798.5	1654.5	1805	
@depthModel	1764.5	1799	1656	1805	
@depthModel	1765	1799	1656	1805.5	
@depthModel	1765.5	1799.5	1657.5	1805.5	
@depthModel	1765.5	1800.5	1659.5	1808	
@depthModel	1766.5	1801	1658.5	1810.5	
@depthModel	1767.5	1801.5	1658.5	1814	
@depthModel	1766.5	1803	1659.5	1817	
@depthModel	1766.5	1804.5	1660	1819.5	
@depthModel	1765.5	1805.5	1660.5	1822	
@depthModel	1767	1806	1660.5	1825	
@depthModel	1768	1806.5	1661.5	1827.5	
@depthModel	1768.5	1807.5	1662	1829.5	
@depthModel	1768.5	1809	1662.5	1831	
@depthModel	1768.5	1810	1663	1833.5	
@depthModel	1769.5	1810.5	1663	1835.5	
@depthModel	1770.5	1811	1665	1836.5	
@depthModel	1770.5	1812.5	1665	1838.5	
@depthModel	1770.5	1814	1665.5	1840.5	
@depthModel	1770.5	1815.5	1667	1842	
@depthModel	1772.5	1816	1669	1843	
@depthModel	1774	1817	1670	1844.5	
@depthModel	1773.5	1818.5	1672.5	1845.5	
@depthModel	1774	1819.5	1673.5	1847.5	
@depthModel	1775	1820.5	1674	1849	
@depthModel	1776	1821	1675	1850	
@depthModel	1777	1822	1678.5	1851.5	
@depthModel	1777.5	1823	1679.5	1853	
@depthModel	1777.5	1824.5	1680.5	1854	
@depthModel	1779	1825	1682	1855	
@depthModel	1780.5	1825.5	1685	1856	
@depthModel	1780.5	1827	1738	1857.5	
@depthModel	1781	1828	1738	1858.5	
@depthModel	1781	1829.5	1738	1859.5	
@depthModel	1782	1830	1738	1860.5	
@depthModel	1783	1830.5	1740.5	1860.5	
@depthModel	1784.5	1830.5	1741	1861	
@depthModel	1785.5	1831	1742	1861.5	
@depthModel	1785.5	1832.5	1743	1861.5	
@depthModel	1785.5	1834.5	1744	1862.5	
@depthModel	1786	1835.5	1745	1863	
@depthModel	1787	1835.5	1745.5	1863.5	
@depthModel	1788	1836	1746	1864.5	
@depthModel	1789	1836.5	1746.5	1865	
@depthModel	1790	1837	1748	1865	
@depthModel	1790	1838.5	1749.5	1865.5	
@depthModel	1790.5	1840	1751	1865.5	
@depthModel	1791	1841	1752	1866	
@depthModel	1792	1841.5	1754.5	1866	
@depthModel	1793	1842	1755	1867	
@depthModel	1794.5	1842	1755.5	1867.5	
@depthModel	1795	1843.5	1756	1868.5	
@depthModel	1795.5	1845	1756.5	1869	
@depthModel	1796	1846	1757	1870	
@depthModel	1797	1846.5	1758.5	1870	
@depthModel	1798	1847	1760.5	1870.5	
@depthModel	1799.5	1847.5	1762.5	1871	
@depthModel	1800	1848.5	1764.5	1871	
@depthModel	1800.5	1850	1765.5	1872	
@depthModel	1801	1851	1766.5	1872.5	
@depthModel	1802.5	1851.5	1767	1873	
@depthModel	1804	1852	1768	1873.5	
@depthModel	1804.5	1853	1768.5	1874.5	
@depthModel	1805	1854.5	1769	1875	
@depthModel	1805.5	1855.5	1770	1875.5	
@depthModel	1807	1856	1772.5	1875.5	
@depthModel	1809	1856.5	1775.5	1875.5	
@depthModel	1809.5	1857.5	1776.5	1876	
@depthModel	1810	1859	1778	1876.5	
@depthModel	1810.5	1860.5	1779	1877	
@depthModel	1812	1860.5	1780	1877.5	
@depthModel	1814	1861	1780.5	1878	
@depthModel	1815.5	1861.5	1781.5	1878.5	
@depthModel	1815.5	1863	1782.5	1879	
@depthModel	1816	1864.5	1783.5	1879	
@depthModel	1817	1865	1784	1879.5	
@depthModel	1819.5	1865.5	1785	1880	
@depthModel	1820.5	1866	1785.5	1880.5	
@depthModel	1821.5	1867	1787	1880.5	
@depthModel	1822.5	1868	1790.5	1880.5	
@depthModel	1823	1869.5	1791.5	1881	
@depthModel	1824.5	1870	1794	1881	
@depthModel	1826	1870.5	1795	1881.5	
@depthModel	1827.5	1871	1796	1882	
@depthModel	1829	1871.5	1797.5	1882	
@depthModel	1829.5	1873	1798.5	1882.5	
@depthModel	1830	1874	1799.5	1883	
@depthModel	1830.5	1875	1800.5	1883	
@depthModel	1833	1875.5	1802	1883.5	
@depthModel	1835.5	1875.5	1803	1883.5	
@depthModel	1836.5	1876	1804	1884	
@depthModel	1838	1876.5	1805	1884	
@depthModel	1838.5	1877.5	1806	1884	
@depthModel	1839	1878.5	1807	1884.5	
@depthModel	1839.5	1879	1808.5	1884.5	
@depthModel	1840.5	1880	1809.5	1884.5	
@depthModel	1842.5	1880.5	1810.5	1884.5	
@depthModel	1845.5	1880.5	1811.5	1885	
@depthModel	1847	1881	1812.5	1885	
@depthModel	1848.5	1881.5	1813	1885	
@depthModel	1849.5	1881.5	1814.5	1885	
@depthModel	1850.5	1882	1815	1885	
@depthModel	1851.5	1882.5	1816	1885.5	
@depthModel	1852.5	1882.5	1816.5	1885.5	
@depthModel	1853	1883	1817	1885.5	
@depthModel	1854	1883	1819.5	1885.5	
@depthModel	1855	1883.5	1822	1888	
@depthModel	1855.5	1883.5	1824.5	1888	
@depthModel	1856.5	1884	1826	1888	
@depthModel	1857.5	1884	1827.5	1888	
@depthModel	1858	1884.5	1829	1888	
@depthModel	1858.5	1884.5	1830	1888	
@depthModel	1859.5	1884.5	1831.5	1888	
@depthModel	1860	1885	1833	1888	
@depthModel	1860.5	1885	1834.5	1888	
@depthModel	1861.5	1888	1835.5	1888	
@depthModel	1864.5	1885.5	1837.5	1888	
@depthModel	1866.5	1888	1839	1888	
@depthModel	1868.5	1888	1840.5	1888	
@depthModel	1869.5	1888	1842.5	1888	
@depthModel	1871	1888	1844.5	1888	
@depthModel	1872	1888	1846.5	1888	
@depthModel	1873.5	1888	1848.5	1888	
@depthModel	1874.5	1888	1850.5	1888	
@depthModel	1876	1888	1853	1888	
@depthModel	1877.5	1888	1856	1888	
@depthModel	1878	1888	1858.5	1888	
@depthModel	1879	1888	1861	1888	
@depthModel	1880	1888	1864.5	1888	
@depthModel	1881	1888	1868.5	1888	
@depthModel	1882.5	1888	1874.5	1888	