
T(5)	-1.14	1.14	-2.65	2.65	
U(0,4)	3.98986e-17	4	3.98986e-17	4	
General	
start	
BL-C10	1050.5	1202.5	1045	1215	
BL-C24	1674.5	1943	1666.5		
BL-C11	1229.5	1273.5	1225.5	1275.5	
BL-C26	1477.5	1625.5	1458.5	1635.5	
BL-C12	1522.5	1639.5	1501.5	1646	
BL-C27	1460.5	1620.5	1451	1635	
BL-C28	1648	1799	1642		
SURF	1883	1884	1883	1884	
end	
U(-2,2)	-2	2	-2	2	
Baerenloch_m	-2	2	-2	2	
	
	
@General	237.5	739	-278.5	788.5	
@	
@	2.38	3.108	2.16	3.696	
@Baerenloch_m	-2.02	-1.896	-2.02	-0.336	
@start	1153	1211	1052.5	1219.5	
@BL-C10	1153	1211	1052.5	1219.5	
@BL-C24	1177	1247	1073.5	1343.5	
@BL-C11	1230.5	1275.5	1218	1514.5	
@BL-C26	1466.5	1517	1230.5	1562	
@BL-C12	1485	1543	1256.5	1587	
@BL-C27	1487	1561	1263	1597	
@BL-C28	1745	1800	1655.5	1804.5	
@SURF	1883.1	1883.9	1882.7	1884.3	
@end	1883.1	1883.9	1882.7	1884.3	
@depthModel	1153.5	1211	1051.5	1220	
@depthModel	1154	1211	1051.5	1220.5	
@depthModel	1154	1211	1051.5	1223	
@depthModel	1154.5	1211.5	1051	1225	
@depthModel	1155	1211.5	1051.5	1227	
@depthModel	1155	1211.5	1052	1229.5	
@depthModel	1155.5	1212	1052	1231.5	
@depthModel	1155.5	1212.5	1052.5	1234.5	
@depthModel	1155.5	1213	1053	1236	
@depthModel	1155.5	1214	1053	1238	
@depthModel	1155.5	1214.5	1053	1240	
@depthModel	1155.5	1214.5	1053.5	1241.5	
@depthModel	1156	1215	1054	1243.5	
@depthModel	1156	1215	1054	1245	
@depthModel	1156.5	1215.5	1054.5	1246.5	
@depthModel	1156.5	1215.5	1055	1248.5	
@depthModel	1157	1215.5	1055.5	1249	
@depthModel	1157.5	1215.5	1055.5	1250.5	
@depthModel	1158	1215.5	1055.5	1253	
@depthModel	1158	1216	1055.5	1255	
@depthModel	1158.5	1216	1056.5	1255.5	
@depthModel	1158.5	1216.5	1057.5	1256.5	
@depthModel	1159	1217	1058	1258	
@depthModel	1159	1218	1058	1259.5	
@depthModel	1159	1218.5	1058.5	1260	
@depthModel	1159	1219	1059.5	1260.5	
@depthModel	1159	1219.5	1060	1261	
@depthModel	1159	1220	1060.5	1262.5	
@depthModel	1159.5	1220.5	1061	1263	
@depthModel	1160	1220.5	1061.5	1263.5	
@depthModel	1160.5	1221	1061.5	1264.5	
@depthModel	1160.5	1222	1062	1265	
@depthModel	1160	1223.5	1063	1265.5	
@depthModel	1160	1224.5	1064.5	1265.5	
@depthModel	1160.5	1225.5	1064.5	1266.5	
@depthModel	1161	1226	1063	1268.5	
@depthModel	1161.5	1226.5	1062	1270	
@depthModel	1162	1227.5	1062	1270.5	
@depthModel	1162	1228.5	1062.5	1271.5	
@depthModel	1162.5	1229	1061.5	1273.5	
@depthModel	1163	1229.5	1060.5	1275	
@depthModel	1163.5	1230	1061	1276	
@depthModel	1164.5	1230	1060.5	1278.5	
@depthModel	1165	1230.5	1060.5	1280.5	
@depthModel	1165.5	1231.5	1060.5	1284.5	
@depthModel	1165.5	1233	1061	1288	
@depthModel	1165.5	1234.5	1061.5	1290.5	
@depthModel	1165.5	1235.5	1062	1293	
@depthModel	1166.5	1236	1062.5	1295	
@depthModel	1168	1236	1063.5	1297.5	
@depthModel	1169	1236.5	1064	1300	
@depthModel	1169.5	1237.5	1065	1302.5	
@depthModel	1169.5	1238.5	1065.5	1310.5	
@depthModel	1170	1239.5	1066	1313	
@depthModel	1170.5	1240.5	1067	1314	
@depthModel	1171	1241	1067.5	1321.5	
@depthModel	1172	1241.5	1068.5	1319	
@depthModel	1173	1242	1069.5	1321.5	
@depthModel	1173.5	1243	1070.5	1323.5	
@depthModel	1174	1243.5	1070.5	1330	
@depthModel	1174.5	1244.5	1071	1332.5	
@depthModel	1175	1245.5	1072	1333	
@depthModel	1176	1246	1073	1332.5	
@depthModel	1178	1248	1075	1341	
@depthModel	1179	1249	1076	1348	
@depthModel	1180	1250	1077	1350.5	
@depthModel	1181.5	1251	1078.5	1356.5	
@depthModel	1182.5	1251.5	1080	1357.5	
@depthModel	1184	1252	1085.5	1358.5	
@depthModel	1185	1254	1090.5	1380	
@depthModel	1185.5	1255.5	1095.5	1382.5	
@depthModel	1186.5	1255.5	1097.5	1384	
@depthModel	1188	1256	1100	1391	
@depthModel	1190	1255.5	1101.5	1393.5	
@depthModel	1190.5	1257	1104	1395	
@depthModel	1190.5	1259	1106.5	1400.5	
@depthModel	1191.5	1259.5	1109	1419.5	
@depthModel	1193	1259	1111	1427.5	
@depthModel	1194	1259.5	1113	1430	
@depthModel	1195	1260	1115.5	1438	
@depthModel	1196	1261	1120.5	1446	
@depthModel	1196.5	1261.5	1123	1451	
@depthModel	1197.5	1261.5	1125.5	1459	
@depthModel	1199	1261.5	1126.5	1465.5	
@depthModel	1200	1261.5	1127	1468.5	
@depthModel	1200.5	1263	1128	1471	
@depthModel	1200.5	1264.5	1129.5	1473.5	
@depthModel	1201.5	1265	1130.5	1475.5	
@depthModel	1203	1264.5	1132	1477.5	
@depthModel	1204	1264.5	1133.5	1480	
@depthModel	1205	1265.5	1134.5	1482	
@depthModel	1206	1266	1136	1483.5	
@depthModel	1207.5	1266	1138	1485.5	
@depthModel	1209	1266	1140	1487	
@depthModel	1210	1266.5	1141	1489	
@depthModel	1210.5	1267	1142.5	1490	
@depthModel	1211	1267.5	1144.5	1491	
@depthModel	1212	1268	1145.5	1493	
@depthModel	1212.5	1268.5	1147.5	1494.5	
@depthModel	1213	1269	1149	1495.5	
@depthModel	1214.5	1269	1151.5	1496.5	
@depthModel	1215	1269.5	1154	1496.5	
@depthModel	1215.5	1270	1155.5	1498.5	
@depthModel	1216.5	1270.5	1156.5	1499.5	
@depthModel	1218.5	1270.5	1158	1500.5	
@depthModel	1220	1270.5	1160.5	1501	
@depthModel	1221	1270.5	1161	1503	
@depthModel	1222	1271	1162.5	1503.5	
@depthModel	1223.5	1271	1164	1504.5	
@depthModel	1225	1270.5	1165.5	1505.5	
@depthModel	1225.5	1271	1166.5	1506.5	
@depthModel	1226	1271.5	1169	1506.5	
@depthModel	1226.5	1271.5	1170.5	1508.5	
@depthModel	1227	1272	1172.5	1509.5	
@depthModel	1228	1272	1174.5	1510	
@depthModel	1228	1272	1177.5	1510.5	
@depthModel	1228.5	1272.5	1180	1511	
@depthModel	1229.5	1272.5	1182	1512.5	
@depthModel	1230	1273	1184.5	1513	
@depthModel	1230	1273	1188.5	1514	
@depthModel	1230	1273.5	1192.5	1515	
@depthModel	1230	1274	1197	1515.5	
@depthModel	1230.5	1274	1201.5	1515.5	
@depthModel	1230.5	1274.5	1207	1516	
@depthModel	1230.5	1274.5	1212.5	1516	
@depthModel	1230.5	1275	1216	1515.5	
@depthModel	1231	1276	1218.5	1519	
@depthModel	1230	1277	1220	1519	
@depthModel	1224	1282.5	1220.5	1519	
@depthModel	1225	1490.5	1221	1521	
@depthModel	1225.5	1500	1221.5	1521	
@depthModel	1226.5	1503	1222	1522.5	
@depthModel	1227.5	1505.5	1222	1524	
@depthModel	1228.5	1508.5	1222	1526	
@depthModel	1230	1512	1223.5	1526	
@depthModel	1230.5	1515.5	1224	1527.5	
@depthModel	1232.5	1516	1225.5	1528.5	
@depthModel	1234.5	1517.5	1225	1530.5	
@depthModel	1235	1520.5	1226	1532.5	
@depthModel	1238	1522	1226.5	1562.5	
@depthModel	1457.5	1521.5	1226.5	1570.5	
@depthModel	1466.5	1518.5	1231.5	1561.5	
@depthModel	1466	1520	1231.5	1564.5	
@depthModel	1467.5	1520.5	1232	1566	
@depthModel	1470.5	1520.5	1232.5	1567.5	
@depthModel	1470.5	1521.5	1233.5	1568.5	
@depthModel	1470.5	1522.5	1234.5	1569.5	
@depthModel	1470.5	1523	1235.5	1570.5	
@depthModel	1470.5	1524	1236	1571	
@depthModel	1470.5	1525	1236.5	1571	
@depthModel	1471	1525.5	1237.5	1571.5	
@depthModel	1472	1525.5	1238.5	1572	
@depthModel	1473	1526	1240	1572.5	
@depthModel	1474	1526	1240.5	1575	
@depthModel	1474.5	1527	1241	1576.5	
@depthModel	1474.5	1528	1241.5	1577	
@depthModel	1474	1529	1242	1578.5	
@depthModel	1474.5	1529.5	1243	1578.5	
@depthModel	1475	1530	1244	1578.5	
@depthModel	1475.5	1530.5	1245.5	1579.5	
@depthModel	1476	1531	1246	1580.5	
@depthModel	1476.5	1531.5	1246.5	1580	
@depthModel	1477	1532.5	1247.5	1580.5	
@depthModel	1478	1532.5	1248.5	1581	
@depthModel	1478.5	1533	1249	1583	
@depthModel	1479.5	1533	1250	1584.5	
@depthModel	1480	1534.5	1251	1585	
@depthModel	1480.5	1535	1251.5	1585	
@depthModel	1481	1541	1252.5	1585.5	
@depthModel	1482	1541	1253.5	1585.5	
@depthModel	1483.5	1541.5	1255	1585.5	
@depthModel	1484.5	1541.5	1255.5	1586.5	
@depthModel	1485.5	1544	1256.5	1588	
@depthModel	1485.5	1544.5	1257	1589	
@depthModel	1485.5	1545	1257	1589.5	
@depthModel	1485.5	1545.5	1257.5	1590.5	
@depthModel	1485.5	1546	1258	1590.5	
@depthModel	1485.5	1546.5	1258.5	1590.5	
@depthModel	1485.5	1547	1259.5	1591	
@depthModel	1485.5	1547.5	1260.5	1591.5	
@depthModel	1485.5	1548	1260.5	1593	
@depthModel	1486	1547.5	1260.5	1594	
@depthModel	1486	1548	1260.5	1595	
@depthModel	1486	1547.5	1261	1595.5	
@depthModel	1486.5	1547	1261.5	1596	
@depthModel	1486.5	1547	1262	1596.5	
@depthModel	1487	1546.5	1262.5	1596.5	
@depthModel	1487.5	1561	1264	1597	
@depthModel	1488	1561	1265	1598	
@depthModel	1488.5	1546.5	1265.5	1600.5	
@depthModel	1489	1547	1266	1601	
@depthModel	1489.5	1548	1266.5	1601	
@depthModel	1490	1548.5	1267.5	1601	
@depthModel	1490.5	1549	1268.5	1601	
@depthModel	1490.5	1561	1270	1600.5	
@depthModel	1491	1561	1270.5	1602.5	
@depthModel	1491.5	1561	1270.5	1604.5	
@depthModel	1491.5	1552.5	1271	1605.5	
@depthModel	1492	1560.5	1272	1605	
@depthModel	1492.5	1560.5	1273	1605	
@depthModel	1493	1558.5	1274	1605	
@depthModel	1493.5	1558.5	1275.5	1605.5	
@depthModel	1493.5	1559	1275.5	1607	
@depthModel	1494	1559.5	1276	1609	
@depthModel	1494.5	1559.5	1276.5	1609	
@depthModel	1495	1560	1277.5	1609	
@depthModel	1495.5	1561	1278.5	1609.5	
@depthModel	1495.5	1563	1279.5	1609.5	
@depthModel	1495.5	1565	1280.5	1610.5	
@depthModel	1496	1565.5	1280.5	1612.5	
@depthModel	1496	1566	1281	1614	
@depthModel	1496.5	1566.5	1281.5	1614.5	
@depthModel	1497	1566.5	1282.5	1615	
@depthModel	1497	1567	1283.5	1615	
@depthModel	1497.5	1567	1285	1615	
@depthModel	1498	1567.5	1285.5	1617	
@depthModel	1498.5	1567.5	1285.5	1619.5	
@depthModel	1499	1568	1286	1619.5	
@depthModel	1499	1568.5	1287	1619	
@depthModel	1499.5	1568.5	1288	1618.5	
@depthModel	1500	1569.5	1289.5	1618.5	
@depthModel	1500.5	1570	1290.5	1620	
@depthModel	1500.5	1571	1290.5	1621.5	
@depthModel	1500.5	1572.5	1291	1623	
@depthModel	1500.5	1574.5	1291.5	1623	
@depthModel	1501	1575	1293	1622.5	
@depthModel	1501.5	1575.5	1294	1622.5	
@depthModel	1502	1575.5	1295.5	1623	
@depthModel	1502.5	1576	1295.5	1625.5	
@depthModel	1503	1576	1296	1626	
@depthModel	1503	1576.5	1296.5	1626	
@depthModel	1504	1576.5	1297.5	1626.5	
@depthModel	1504	1577	1298.5	1627.5	
@depthModel	1504.5	1577	1299.5	1628	
@depthModel	1505	1578	1300	1629.5	
@depthModel	1505	1579.5	1300.5	1631	
@depthModel	1505.5	1580	1301	1632.5	
@depthModel	1505.5	1581	1301.5	1632	
@depthModel	1506	1582	1302.5	1631.5	
@depthModel	1506	1583	1304	1631	
@depthModel	1506.5	1584	1305.5	1631.5	
@depthModel	1507	1584	1305.5	1634	
@depthModel	1507	1584.5	1305.5	1635.5	
@depthModel	1507.5	1584.5	1306.5	1636	
@depthModel	1508	1585	1307	1635.5	
@depthModel	1508.5	1585	1308.5	1635.5	
@depthModel	1509	1585.5	1310	1635.5	
@depthModel	1509.5	1585.5	1310.5	1636	
@depthModel	1510	1586	1311	1638	
@depthModel	1510.5	1587	1311	1639.5	
@depthModel	1510.5	1588.5	1311.5	1640	
@depthModel	1510.5	1590	1312.5	1640	
@depthModel	1510.5	1590.5	1313.5	1640.5	
@depthModel	1511	1591	1315	1640.5	
@depthModel	1511.5	1591.5	1315.5	1642	
@depthModel	1511.5	1592.5	1315.5	1644	
@depthModel	1512	1592.5	1316	1644.5	
@depthModel	1513	1592.5	1317	1644	
@depthModel	1513	1593	1318	1644	
@depthModel	1514	1593	1319.5	1643.5	
@depthModel	1514	1593.5	1320	1645	
@depthModel	1514.5	1594	1320.5	1646	
@depthModel	1515	1595	1321	1647	
@depthModel	1515.5	1595.5	1322	1647	
@depthModel	1515.5	1596	1323	1647	
@depthModel	1515.5	1597.5	1324.5	1646.5	
@depthModel	1515.5	1599	1325.5	1647.5	
@depthModel	1516	1600	1325.5	1649.5	
@depthModel	1516.5	1600.5	1326	1650.5	
@depthModel	1517	1600.5	1326.5	1650.5	
@depthModel	1517.5	1600.5	1327	1651.5	
@depthModel	1518	1601	1328	1651.5	
@depthModel	1518.5	1601	1329.5	1651	
@depthModel	1519	1601.5	1330	1653	
@depthModel	1519.5	1601.5	1330	1654.5	
@depthModel	1520	1602	1330.5	1655.5	
@depthModel	1520	1603.5	1331.5	1655.5	
@depthModel	1520.5	1604.5	1332.5	1655	
@depthModel	1520.5	1605.5	1334	1655	
@depthModel	1521	1606	1335	1655	
@depthModel	1521	1607	1335.5	1656.5	
@depthModel	1521.5	1608	1335.5	1658.5	
@depthModel	1522	1608	1336	1659.5	
@depthModel	1522.5	1608.5	1337	1659	
@depthModel	1523	1608.5	1338.5	1659	
@depthModel	1524	1608.5	1340	1658.5	
@depthModel	1524	1609	1340.5	1660	
@depthModel	1524.5	1609.5	1341	1660.5	
@depthModel	1525	1610	1341	1662	
@depthModel	1525.5	1610.5	1341.5	1663	
@depthModel	1525.5	1611.5	1342.5	1663.5	
@depthModel	1525.5	1613	1343.5	1663.5	
@depthModel	1525.5	1614	1344.5	1663.5	
@depthModel	1526	1615.5	1345	1665	
@depthModel	1526.5	1615.5	1345.5	1666	
@depthModel	1527	1615.5	1346	1667	
@depthModel	1527.5	1616	1347	1666.5	
@depthModel	1528.5	1616	1348.5	1666	
@depthModel	1529	1616	1350	1666	
@depthModel	1529.5	1616.5	1350.5	1667	
@depthModel	1530	1617	1350.5	1668.5	
@depthModel	1530	1618.5	1350.5	1670	
@depthModel	1530	1619	1351.5	1670.5	
@depthModel	1530.5	1620	1352.5	1670	
@depthModel	1531	1621	1353.5	1670.5	
@depthModel	1531	1621.5	1355	1670.5	
@depthModel	1531.5	1622	1355.5	1672	
@depthModel	1532	1623	1355.5	1673.5	
@depthModel	1532.5	1623	1355.5	1675	
@depthModel	1533.5	1623	1356.5	1675	
@depthModel	1534	1623.5	1358	1674.5	
@depthModel	1534.5	1624	1359.5	1674	
@depthModel	1535	1624.5	1360	1675	
@depthModel	1535	1625.5	1360.5	1675.5	
@depthModel	1535.5	1626	1361	1677	
@depthModel	1536	1627	1361.5	1677.5	
@depthModel	1536	1628.5	1363	1677	
@depthModel	1536	1629.5	1364	1676.5	
@depthModel	1537	1629.5	1365.5	1677	
@depthModel	1537.5	1629.5	1365.5	1678.5	
@depthModel	1538	1630	1365.5	1680	
@depthModel	1539	1630	1366	1680.5	
@depthModel	1539.5	1630.5	1367	1681	
@depthModel	1540	1630.5	1368	1681	
@depthModel	1540.5	1631.5	1369.5	1680.5	
@depthModel	1540.5	1633	1370.5	1681	
@depthModel	1540.5	1634.5	1370.5	1683.5	
@depthModel	1540.5	1635.5	1370.5	1684.5	
@depthModel	1541	1635.5	1371	1685.5	
@depthModel	1542	1636	1372	1685	
@depthModel	1542.5	1636.5	1373.5	1684.5	
@depthModel	1543	1636.5	1375	1684.5	
@depthModel	1544	1636.5	1375.5	1685.5	
@depthModel	1545	1636.5	1376	1686	
@depthModel	1545	1638	1376.5	1687	
@depthModel	1545	1639	1377.5	1687	
@depthModel	1545.5	1639.5	1378	1687.5	
@depthModel	1545.5	1640.5	1379	1688	
@depthModel	1546	1641	1380	1689	
@depthModel	1546.5	1641.5	1380	1690	
@depthModel	1547	1642	1380.5	1690.5	
@depthModel	1547.5	1642.5	1381	1691.5	
@depthModel	1548	1643	1382	1691.5	
@depthModel	1549	1643.5	1383.5	1691	
@depthModel	1549.5	1644	1385	1690.5	
@depthModel	1549.5	1644.5	1385.5	1691.5	
@depthModel	1550	1645.5	1386	1693	
@depthModel	1550.5	1646	1386	1694	
@depthModel	1551	1646.5	1386.5	1695	
@depthModel	1551.5	1647.5	1387.5	1695	
@depthModel	1551.5	1648.5	1389	1695	
@depthModel	1552	1649	1390	1695	
@depthModel	1553	1649	1390.5	1696	
@depthModel	1553.5	1649.5	1391	1697.5	
@depthModel	1554	1650	1391	1698.5	
@depthModel	1554.5	1650.5	1391.5	1699	
@depthModel	1555.5	1650.5	1393	1698.5	
@depthModel	1555.5	1651.5	1394.5	1698.5	
@depthModel	1556	1652.5	1395	1699	
@depthModel	1556	1653.5	1395.5	1700	
@depthModel	1556	1655	1396	1700.5	
@depthModel	1556.5	1655	1397	1701	
@depthModel	1557.5	1655	1398	1701	
@depthModel	1558.5	1655	1399.5	1701	
@depthModel	1559.5	1655.5	1400.5	1701	
@depthModel	1560	1655.5	1401	1702.5	
@depthModel	1560.5	1656	1401	1703.5	
@depthModel	1560.5	1657.5	1401	1704.5	
@depthModel	1560.5	1658.5	1402	1705	
@depthModel	1560.5	1660	1403	1705	
@depthModel	1561	1660.5	1404.5	1705	
@depthModel	1561.5	1660.5	1405.5	1705.5	
@depthModel	1562.5	1661	1406	1706	
@depthModel	1563.5	1661	1406	1707	
@depthModel	1564.5	1661	1407	1707.5	
@depthModel	1565	1661	1408.5	1707	
@depthModel	1565	1662.5	1409.5	1707.5	
@depthModel	1565	1663.5	1410.5	1708	
@depthModel	1565	1664.5	1411	1709	
@depthModel	1565.5	1665	1411	1710	
@depthModel	1566	1665.5	1411.5	1710.5	
@depthModel	1567	1666	1412.5	1710.5	
@depthModel	1567.5	1666	1413.5	1711	
@depthModel	1568.5	1666.5	1415	1710.5	
@depthModel	1569	1667	1415.5	1711.5	
@depthModel	1569.5	1667.5	1416	1712.5	
@depthModel	1569.5	1668	1416	1714	
@depthModel	1570	1669	1417	1714	
@depthModel	1570	1670	1418	1714	
@depthModel	1570.5	1670.5	1419.5	1714	
@depthModel	1571.5	1671	1420.5	1714	
@depthModel	1572	1671.5	1420.5	1715	
@depthModel	1572.5	1672	1421.5	1715.5	
@depthModel	1573.5	1672.5	1422.5	1715.5	
@depthModel	1574	1673	1423.5	1716	
@depthModel	1574	1673.5	1424	1717	
@depthModel	1574.5	1674.5	1424.5	1717.5	
@depthModel	1575	1675	1425.5	1717.5	
@depthModel	1575.5	1675.5	1425.5	1719	
@depthModel	1576	1676	1425.5	1720.5	
@depthModel	1577	1676.5	1426.5	1720.5	
@depthModel	1577.5	1677	1427.5	1720.5	
@depthModel	1577.5	1677.5	1429	1720.5	
@depthModel	1578	1678	1430.5	1720	
@depthModel	1578.5	1678.5	1431	1720.5	
@depthModel	1579.5	1679.5	1432.5	1720.5	
@depthModel	1580	1680	1433	1721	
@depthModel	1580.5	1680.5	1433.5	1722	
@depthModel	1581	1681	1434	1722.5	
@depthModel	1581.5	1681.5	1434.5	1723.5	
@depthModel	1582	1682	1435.5	1724	
@depthModel	1582.5	1682.5	1435.5	1725	
@depthModel	1583	1683	1436	1725.5	
@depthModel	1583.5	1683.5	1437	1725.5	
@depthModel	1584	1684.5	1438	1725.5	
@depthModel	1584.5	1685	1439.5	1725.5	
@depthModel	1585	1685	1440.5	1726	
@depthModel	1585.5	1685.5	1441.5	1725.5	
@depthModel	1586	1686.5	1443	1726	
@depthModel	1586.5	1687	1443.5	1726.5	
@depthModel	1587	1687.5	1444	1727.5	
@depthModel	1587.5	1688	1444.5	1728	
@depthModel	1587.5	1689	1445	1729	
@depthModel	1588.5	1689.5	1445.5	1729.5	
@depthModel	1589	1689.5	1446	1730	
@depthModel	1590	1690	1446.5	1730.5	
@depthModel	1590.5	1690.5	1448	1731	
@depthModel	1591	1691	1449	1731	
@depthModel	1591.5	1692	1450	1731	
@depthModel	1592	1692.5	1450.5	1732	
@depthModel	1592.5	1693	1451.5	1732	
@depthModel	1592.5	1693.5	1453	1731.5	
@depthModel	1593.5	1694	1453.5	1732.5	
@depthModel	1594	1694.5	1454	1733.5	
@depthModel	1594.5	1695	1454	1734	
@depthModel	1595.5	1695.5	1455	1735	
@depthModel	1595.5	1696	1455.5	1735.5	
@depthModel	1596.5	1696.5	1456.5	1735.5	
@depthModel	1596.5	1697.5	1457.5	1735.5	
@depthModel	1597	1697.5	1459	1735.5	
@depthModel	1597	1699	1460	1736	
@depthModel	1597.5	1699.5	1460.5	1736.5	
@depthModel	1598	1699.5	1460.5	1738	
@depthModel	1599	1700	1461.5	1738	
@depthModel	1599.5	1700	1463	1737.5	
@depthModel	1600.5	1700.5	1463.5	1738.5	
@depthModel	1601	1701.5	1464	1739	
@depthModel	1601.5	1702	1464.5	1739.5	
@depthModel	1601.5	1702.5	1465	1740	
@depthModel	1602	1703.5	1465.5	1741	
@depthModel	1602	1704.5	1467	1740.5	
@depthModel	1603	1704.5	1468.5	1740.5	
@depthModel	1604	1705	1469.5	1740.5	
@depthModel	1605	1705.5	1470.5	1741	
@depthModel	1605.5	1705.5	1470.5	1742	
@depthModel	1606	1706.5	1470.5	1743.5	
@depthModel	1606.5	1707	1471.5	1743.5	
@depthModel	1607	1707.5	1473	1743.5	
@depthModel	1607.5	1708	1473.5	1744	
@depthModel	1607.5	1709	1474	1744.5	
@depthModel	1608.5	1709.5	1474.5	1745.5	
@depthModel	1609	1710	1475.5	1745.5	
@depthModel	1610	1710	1475.5	1746.5	
@depthModel	1610.5	1710.5	1477.5	1746	
@depthModel	1611	1711	1479	1745.5	
@depthModel	1611.5	1711.5	1480.5	1745.5	
@depthModel	1612	1712	1480.5	1746.5	
@depthModel	1612.5	1713	1480.5	1747.5	
@depthModel	1612.5	1713.5	1481	1748.5	
@depthModel	1613	1714.5	1481.5	1748.5	
@depthModel	1614	1714.5	1483	1748.5	
@depthModel	1614.5	1715	1484	1749	
@depthModel	1615.5	1715.5	1484.5	1749.5	
@depthModel	1616	1716	1484.5	1750.5	
@depthModel	1616.5	1716.5	1485.5	1751	
@depthModel	1617.5	1717	1486	1751.5	
@depthModel	1618	1717.5	1488	1751	
@depthModel	1618	1718.5	1489.5	1750.5	
@depthModel	1618.5	1719	1490.5	1751	
@depthModel	1619	1719.5	1491	1752	
@depthModel	1619.5	1720	1491	1752.5	
@depthModel	1620.5	1720.5	1491.5	1753.5	
@depthModel	1621	1721	1492	1754	
@depthModel	1621.5	1721.5	1493	1754	
@depthModel	1622.5	1721.5	1494.5	1754	
@depthModel	1623.5	1722	1495	1754	
@depthModel	1623.5	1723	1495	1755	
@depthModel	1623.5	1723.5	1495.5	1755.5	
@depthModel	1624	1724	1496.5	1756	
@depthModel	1624.5	1724.5	1498	1755.5	
@depthModel	1625	1725	1499.5	1755.5	
@depthModel	1626	1725.5	1500.5	1756	
@depthModel	1626.5	1726	1500.5	1757	
@depthModel	1628	1726	1501	1757.5	
@depthModel	1629	1726.5	1501	1758.5	
@depthModel	1629	1727	1502	1759	
@depthModel	1629	1728	1503	1758.5	
@depthModel	1629.5	1729	1505	1758.5	
@depthModel	1629.5	1729.5	1505.5	1759	
@depthModel	1630	1730	1505.5	1760	
@depthModel	1630.5	1730.5	1506	1760.5	
@depthModel	1631.5	1731	1507	1760.5	
@depthModel	1633.5	1731	1508.5	1760.5	
@depthModel	1634.5	1731	1509.5	1760.5	
@depthModel	1634.5	1732	1510.5	1761	
@depthModel	1634.5	1732.5	1511	1761.5	
@depthModel	1634.5	1733.5	1511.5	1762	
@depthModel	1635	1734	1513	1762	
@depthModel	1635.5	1735	1513.5	1762.5	
@depthModel	1635.5	1735.5	1514.5	1762.5	
@depthModel	1637	1735.5	1515.5	1763	
@depthModel	1638.5	1735.5	1516	1763.5	
@depthModel	1640	1736	1516.5	1764	
@depthModel	1640.5	1736	1517	1764.5	
@depthModel	1640.5	1737	1517.5	1765	
@depthModel	1640.5	1738	1518.5	1765	
@depthModel	1640.5	1739	1520	1765	
@depthModel	1641	1739.5	1520.5	1765.5	
@depthModel	1641	1740	1521.5	1765.5	
@depthModel	1642.5	1740.5	1522.5	1765.5	
@depthModel	1643.5	1740.5	1524	1765.5	
@depthModel	1645.5	1740.5	1524.5	1766.5	
@depthModel	1645.5	1741	1525.5	1766.5	
@depthModel	1646	1742	1526	1767.5	
@depthModel	1646.5	1742.5	1526.5	1767.5	
@depthModel	1646.5	1743.5	1527	1768	
@depthModel	1647	1744	1527.5	1768.5	
@depthModel	1647	1744.5	1528.5	1769	
@depthModel	1648	1745	1529.5	1769	
@depthModel	1649	1745	1530.5	1769	
@depthModel	1650	1745.5	1531	1769.5	
@depthModel	1651	1745.5	1532	1770	
@depthModel	1651.5	1746	1533	1770	
@depthModel	1652.5	1746.5	1534	1770.5	
@depthModel	1653	1747	1535	1770.5	
@depthModel	1653	1748	1535.5	1771	
@depthModel	1653	1748.5	1536.5	1771	
@depthModel	1654	1749	1538	1771	
@depthModel	1654.5	1749.5	1539.5	1771	
@depthModel	1655	1750	1540	1771.5	
@depthModel	1656	1750.5	1540.5	1772	
@depthModel	1657	1751	1540.5	1773	
@depthModel	1658	1751	1541.5	1773	
@depthModel	1659.5	1751	1542.5	1773	
@depthModel	1659.5	1752	1543	1773.5	
@depthModel	1659.5	1752.5	1544	1774	
@depthModel	1660	1753	1544.5	1774.5	
@depthModel	1660	1754	1545	1775	
@depthModel	1660.5	1754.5	1546	1775	
@depthModel	1660.5	1755.5	1547	1775	
@depthModel	1661.5	1755.5	1548	1775	
@depthModel	1663	1755.5	1549	1775.5	
@depthModel	1664.5	1755.5	1550	1775.5	
@depthModel	1665.5	1756	1550.5	1776.5	
@depthModel	1665.5	1756.5	1551	1777	
@depthModel	1666	1757	1552.5	1776.5	
@depthModel	1666.5	1757.5	1554	1776.5	
@depthModel	1667	1758	1555.5	1776.5	
@depthModel	1667	1759	1555.5	1777.5	
@depthModel	1667.5	1759.5	1555.5	1778	
@depthModel	1668.5	1760	1556	1778.5	
@depthModel	1669.5	1760	1557	1778.5	
@depthModel	1670	1760.5	1558	1778.5	
@depthModel	1671	1761	1559	1778.5	
@depthModel	1672	1761	1559.5	1779	
@depthModel	1672.5	1761.5	1560	1779.5	
@depthModel	1673.5	1761.5	1560.5	1780	
@depthModel	1674	1762	1561	1780	
@depthModel	1674	1763	1563	1780	
@depthModel	1674.5	1763.5	1564	1780	
@depthModel	1675	1764	1565	1780.5	
@depthModel	1675.5	1764.5	1565.5	1781	
@depthModel	1675.5	1765.5	1566	1781.5	
@depthModel	1676.5	1765.5	1566.5	1781.5	
@depthModel	1678	1765.5	1568	1781.5	
@depthModel	1679.5	1765.5	1569.5	1781.5	
@depthModel	1680.5	1765.5	1570.5	1782	
@depthModel	1681	1766.5	1570.5	1782.5	
@depthModel	1681	1767	1571	1783	
@depthModel	1682	1767	1571.5	1783	
@depthModel	1682	1768	1572.5	1783.5	
@depthModel	1682.5	1768.5	1573.5	1783.5	
@depthModel	1682.5	1769	1575.5	1783.5	
@depthModel	1683.5	1769.5	1575.5	1784	
@depthModel	1684	1770	1575.5	1784.5	
@depthModel	1685	1770	1576	1784.5	
@depthModel	1685.5	1770.5	1577	1785	
@depthModel	1686.5	1771	1578.5	1785	
@depthModel	1687.5	1771	1579.5	1785	
@depthModel	1689	1771	1580	1785	
@depthModel	1689.5	1771.5	1580.5	1785.5	
@depthModel	1690	1771.5	1581.5	1785.5	
@depthModel	1690.5	1772	1582.5	1786	
@depthModel	1690.5	1773	1584	1786	
@depthModel	1691	1773.5	1585	1786	
@depthModel	1691	1774	1585.5	1786.5	
@depthModel	1691.5	1774.5	1586	1787	
@depthModel	1692	1775	1587	1787	
@depthModel	1693.5	1775	1587.5	1787.5	
@depthModel	1694.5	1775	1588.5	1787.5	
@depthModel	1695.5	1775.5	1589.5	1787.5	
@depthModel	1696	1776	1590.5	1788	
@depthModel	1697	1776	1591	1788	
@depthModel	1698	1776.5	1591.5	1788.5	
@depthModel	1698.5	1776.5	1592.5	1788.5	
@depthModel	1699	1777	1593	1789	
@depthModel	1699.5	1777.5	1594	1789	
@depthModel	1699.5	1778	1595.5	1789	
@depthModel	1700	1778.5	1595.5	1789.5	
@depthModel	1700.5	1779	1596.5	1789.5	
@depthModel	1700.5	1779.5	1597	1790	
@depthModel	1701	1780	1598	1790	
@depthModel	1702	1780	1599	1790	
@depthModel	1703.5	1780.5	1600	1790	
@depthModel	1705	1780.5	1600.5	1790.5	
@depthModel	1705.5	1780.5	1601.5	1790.5	
@depthModel	1706.5	1781	1602.5	1791	
@depthModel	1707.5	1781	1603	1791	
@depthModel	1708.5	1781.5	1603.5	1791.5	
@depthModel	1709	1781.5	1604.5	1791.5	
@depthModel	1709	1782	1605	1792	
@depthModel	1709.5	1782.5	1605.5	1792	
@depthModel	1710	1783	1606	1792.5	
@depthModel	1710.5	1783.5	1606.5	1793	
@depthModel	1710.5	1784	1607	1793	
@depthModel	1711	1784	1607.5	1793.5	
@depthModel	1711	1784.5	1607.5	1793.5	
@depthModel	1711.5	1785	1608.5	1794	
@depthModel	1713	1785	1609	1794	
@depthModel	1714	1785.5	1610	1794	
@depthModel	1715	1785.5	1610	1794.5	
@depthModel	1716	1785.5	1610.5	1794.5	
@depthModel	1717	1786	1610.5	1795	
@depthModel	1718	1786	1611	1795	
@depthModel	1719	1786	1611.5	1795.5	
@depthModel	1719.5	1786.5	1612	1795.5	
@depthModel	1720	1787	1613	1795.5	
@depthModel	1720.5	1787	1614	1795.5	
@depthModel	1721	1787.5	1615	1796	
@depthModel	1721.5	1788	1615	1796.5	
@depthModel	1721.5	1788.5	1615.5	1796.5	
@depthModel	1722	1788.5	1616	1797	
@depthModel	1722.5	1789	1616.5	1797.5	
@depthModel	1723	1789	1617.5	1797.5	
@depthModel	1723	1789.5	1618.5	1797.5	
@depthModel	1724	1789.5	1619	1797.5	
@depthModel	1724.5	1790	1619.5	1798	
@depthModel	1725	1790	1620.5	1798	
@depthModel	1725.5	1790.5	1620.5	1798.5	
@depthModel	1727	1790.5	1621	1798.5	
@depthModel	1728.5	1790.5	1621.5	1799	
@depthModel	1730	1790.5	1622.5	1799	
@depthModel	1730.5	1790.5	1623	1799	
@depthModel	1731	1791	1623.5	1799	
@depthModel	1731.5	1791.5	1624	1799.5	
@depthModel	1732.5	1791.5	1624.5	1799.5	
@depthModel	1733	1791.5	1625	1799.5	
@depthModel	1733.5	1792	1625.5	1800	
@depthModel	1734	1792	1625.5	1800	
@depthModel	1734	1792.5	1626.5	1800	
@depthModel	1734.5	1793	1627.5	1800	
@depthModel	1735	1793	1628	1800	
@depthModel	1735.5	1793	1629	1800	
@depthModel	1736	1793.5	1630	1800.5	
@depthModel	1736	1794	1630.5	1800.5	
@depthModel	1736.5	1794	1631.5	1800.5	
@depthModel	1737	1794	1632	1800.5	
@depthModel	1737	1794.5	1633	1800.5	
@depthModel	1737.5	1794.5	1634.5	1800.5	
@depthModel	1738	1795	1635.5	1800.5	
@depthModel	1738.5	1795	1636	1801	
@depthModel	1739.5	1795	1636	1801.5	
@depthModel	1740	1795	1636	1802	
@depthModel	1740.5	1795.5	1637	1802	
@depthModel	1742	1795.5	1638.5	1802	
@depthModel	1742	1796	1639	1802	
@depthModel	1741.5	1796.5	1639.5	1802.5	
@depthModel	1741	1796.5	1640.5	1802.5	
@depthModel	1741	1797	1641	1803	
@depthModel	1741	1797.5	1642	1803	
@depthModel	1741.5	1797.5	1642.5	1803	
@depthModel	1741.5	1798	1643	1803	
@depthModel	1741.5	1798	1644	1803.5	
@depthModel	1742	1798	1644.5	1803.5	
@depthModel	1742	1798.5	1645.5	1803.5	
@depthModel	1742.5	1798.5	1645.5	1804	
@depthModel	1742.5	1798.5	1646	1804	
@depthModel	1742.5	1799	1647	1804	
@depthModel	1742	1799	1649	1803.5	
@depthModel	1742	1799	1650.5	1803.5	
@depthModel	1742	1799.5	1650.5	1804	
@depthModel	1742.5	1799.5	1650.5	1804	
@depthModel	1743	1799.5	1650.5	1804.5	
@depthModel	1743	1799.5	1651.5	1804.5	
@depthModel	1743.5	1799.5	1652.5	1804.5	
@depthModel	1744	1799.5	1653.5	1804	
@depthModel	1744.5	1800	1655	1804	
@depthModel	1744.5	1800	1655.5	1804	
@depthModel	1745	1800.5	1655.5	1805	
@depthModel	1745	1800.5	1656	1806	
@depthModel	1765	1801	1656	1808	
@depthModel	1765	1802	1656	1809	
@depthModel	1765	1802.5	1656	1810	
@depthModel	1765	1803	1656.5	1811	
@depthModel	1765	1803.5	1657	1812.5	
@depthModel	1748	1804	1656.5	1814.5	
@depthModel	1747.5	1804.5	1657	1815.5	
@depthModel	1747	1805	1658	1815.5	
@depthModel	1748.5	1805.5	1659	1816.5	
@depthModel	1765	1806	1658.5	1819	
@depthModel	1765	1806.5	1658.5	1820	
@depthModel	1765	1807.5	1659.5	1821	
@depthModel	1764.5	1808.5	1660	1822	
@depthModel	1749	1809	1661	1823	
@depthModel	1764.5	1810	1661	1824.5	
@depthModel	1764.5	1810	1661	1825.5	
@depthModel	1765	1810.5	1661.5	1826	
@depthModel	1765	1811.5	1662.5	1827	
@depthModel	1765	1812.5	1663.5	1827	
@depthModel	1764.5	1813	1665.5	1827	
@depthModel	1764.5	1814	1665	1828.5	
@depthModel	1764.5	1814.5	1665	1830	
@depthModel	1764	1815.5	1665.5	1830.5	
@depthModel	1765.5	1815.5	1666.5	1831.5	
@depthModel	1765.5	1816.5	1667.5	1832	
@depthModel	1765.5	1817	1670	1832	
@depthModel	1765.5	1818	1669.5	1833.5	
@depthModel	1765.5	1818.5	1669.5	1834.5	
@depthModel	1765.5	1819.5	1670	1835.5	
@depthModel	1765.5	1820	1671	1836	
@depthModel	1765.5	1820.5	1673	1836.5	
@depthModel	1766	1820.5	1674	1837	
@depthModel	1767	1821	1674.5	1838	
@depthModel	1767.5	1821	1674	1839.5	
@depthModel	1768	1821.5	1674.5	1840	
@depthModel	1768.5	1821.5	1676	1840.5	
@depthModel	1769	1822	1677.5	1841	
@depthModel	1768.5	1823	1678.5	1842	
@depthModel	1769	1823.5	1678.5	1843	
@depthModel	1769.5	1824	1678.5	1844	
@depthModel	1769.5	1824.5	1679.5	1844.5	
@depthModel	1770	1825	1681	1845	
@depthModel	1770.5	1825.5	1682.5	1845.5	
@depthModel	1771	1826	1684.5	1845.5	
@depthModel	1771.5	1826.5	1685.5	1846	
@depthModel	1772	1827	1686	1847	
@depthModel	1772.5	1827.5	1686	1848	
@depthModel	1772.5	1828	1690.5	1847.5	
@depthModel	1772.5	1829	1690.5	1848.5	
@depthModel	1773	1829.5	1690.5	1849.5	
@depthModel	1773.5	1829.5	1690.5	1850	
@depthModel	1774	1830	1691	1850.5	
@depthModel	1774.5	1830.5	1695.5	1850.5	
@depthModel	1775.5	1830.5	1697.5	1850.5	
@depthModel	1776	1831	1699.5	1850.5	
@depthModel	1776	1831.5	1700.5	1851	
@depthModel	1776.5	1832	1701	1852	
@depthModel	1777	1833	1702.5	1852.5	
@depthModel	1776.5	1833.5	1705.5	1852	
@depthModel	1776.5	1834.5	1706	1853	
@depthModel	1777	1835	1706.5	1853.5	
@depthModel	1778	1835	1707.5	1854	
@depthModel	1778.5	1835	1708	1854.5	
@depthModel	1779.5	1835.5	1709	1855	
@depthModel	1780.5	1835.5	1710	1855.5	
@depthModel	1780.5	1836	1711.5	1855.5	
@depthModel	1781	1837	1713.5	1855.5	
@depthModel	1781	1837.5	1715.5	1856	
@depthModel	1781	1838	1716	1856.5	
@depthModel	1781	1838.5	1716.5	1857	
@depthModel	1781.5	1839.5	1717	1857.5	
@depthModel	1781.5	1840	1717.5	1858	
@depthModel	1782.5	1839.5	1718	1859	
@depthModel	1782.5	1840	1718.5	1859.5	
@depthModel	1783.5	1840.5	1719.5	1860	
@depthModel	1784.5	1840.5	1720.5	1860.5	
@depthModel	1785	1840.5	1721.5	1860.5	
@depthModel	1785.5	1841	1723.5	1860.5	
@depthModel	1785.5	1841.5	1725.5	1860.5	
@depthModel	1785.5	1842.5	1726	1861	
@depthModel	1785.5	1843	1727	1861.5	
@depthModel	1786	1844	1728	1862	
@depthModel	1786	1844.5	1728.5	1862.5	
@depthModel	1786	1845	1729	1863	
@depthModel	1786.5	1845	1729.5	1863.5	
@depthModel	1787.5	1845	1730	1864	
@depthModel	1788	1845	1730.5	1864.5	
@depthModel	1788.5	1845.5	1731	1865	
@depthModel	1789.5	1845.5	1731.5	1865	
@depthModel	1790	1845.5	1733.5	1865.5	
@depthModel	1790.5	1846	1735	1865.5	
@depthModel	1790.5	1846.5	1736	1866	
@depthModel	1790.5	1847.5	1737.5	1866	
@depthModel	1791	1848.5	1739.5	1866	
@depthModel	1791	1849	1740	1866.5	
@depthModel	1791	1849.5	1740.5	1867	
@depthModel	1791.5	1850	1741.5	1867	
@depthModel	1792	1850	1742	1867.5	
@depthModel	1792.5	1850	1742.5	1868	
@depthModel	1793.5	1850	1743	1868.5	
@depthModel	1794	1850.5	1743.5	1869	
@depthModel	1794.5	1850.5	1744	1869.5	
@depthModel	1795.5	1850.5	1745	1869.5	
@depthModel	1795.5	1851	1745.5	1870	
@depthModel	1796	1852	1746	1870	
@depthModel	1796	1852.5	1747.5	1870	
@depthModel	1796	1853.5	1749	1870.5	
@depthModel	1796.5	1854	1750	1870.5	
@depthModel	1796.5	1854.5	1751	1871	
@depthModel	1797	1854.5	1752	1871	
@depthModel	1798	1855	1753	1871	
@depthModel	1798.5	1855	1755	1871	
@depthModel	1799.5	1855	1755.5	1871.5	
@depthModel	1800	1855.5	1756	1872	
@depthModel	1800.5	1855.5	1756.5	1872	
@depthModel	1801	1856.5	1757.5	1872.5	
@depthModel	1801	1857	1758	1873	
@depthModel	1801.5	1857.5	1758.5	1873	
@depthModel	1801.5	1858	1759	1873.5	
@depthModel	1802	1858.5	1759.5	1874	
@depthModel	1802.5	1859	1760	1874	
@depthModel	1803	1859	1760.5	1874.5	
@depthModel	1803.5	1859.5	1761	1875	
@depthModel	1804	1859.5	1761.5	1875	
@depthModel	1804.5	1860	1762.5	1875	
@depthModel	1805.5	1860.5	1764	1875.5	
@depthModel	1806	1861	1765	1875.5	
@depthModel	1806.5	1861	1766	1875.5	
@depthModel	1807	1861.5	1767	1876	
@depthModel	1807.5	1862	1769	1875.5	
@depthModel	1808.5	1862	1770.5	1875.5	
@depthModel	1808.5	1862.5	1770.5	1876	
@depthModel	1809	1863	1771	1876.5	
@depthModel	1809.5	1863.5	1772.5	1876.5	
@depthModel	1810	1864	1773	1877	
@depthModel	1810	1864.5	1773.5	1877	
@depthModel	1810.5	1865	1774.5	1877.5	
@depthModel	1811	1865.5	1775	1877.5	
@depthModel	1812	1865.5	1775.5	1878	
@depthModel	1813	1865.5	1776	1878	
@depthModel	1814	1865.5	1776.5	1878.5	
@depthModel	1815.5	1865.5	1777	1879	
@depthModel	1815.5	1866.5	1778	1879	
@depthModel	1815	1867	1778.5	1879	
@depthModel	1815.5	1867.5	1779	1879.5	
@depthModel	1815.5	1868.5	1779.5	1879.5	
@depthModel	1817.5	1868	1780	1879.5	
@depthModel	1818	1868	1780.5	1880	
@depthModel	1818	1869	1781	1880	
@depthModel	1817	1870	1781.5	1880.5	
@depthModel	1818.5	1870	1783	1880.5	
@depthModel	1819.5	1870.5	1784.5	1880.5	
@depthModel	1821	1870.5	1785.5	1880.5	
@depthModel	1822	1870.5	1786.5	1880.5	
@depthModel	1823	1870.5	1787.5	1881	
@depthModel	1823	1871	1790	1880.5	
@depthModel	1823	1872	1790.5	1881	
@depthModel	1824.5	1872	1791	1881.5	
@depthModel	1825.5	1872	1792	1881.5	
@depthModel	1826.5	1872	1792.5	1881.5	
@depthModel	1826.5	1872.5	1793.5	1881.5	
@depthModel	1826.5	1873	1794	1882	
@depthModel	1825.5	1874.5	1794.5	1882	
@depthModel	1826.5	1874.5	1795.5	1882.5	
@depthModel	1829	1874	1796	1882.5	
@depthModel	1830.5	1874	1796.5	1883	
@depthModel	1830.5	1874.5	1797.5	1883	
@depthModel	1830.5	1875.5	1798	1883	
@depthModel	1831	1876	1799	1883	
@depthModel	1831	1876	1799.5	1883	
@depthModel	1834	1876	1800	1883.5	
@depthModel	1835.5	1876	1801	1883.5	
@depthModel	1836	1876.5	1801.5	1883.5	
@depthModel	1836	1877	1802	1883.5	
@depthModel	1836	1877.5	1803	1884	
@depthModel	1835	1878	1803.5	1884	
@depthModel	1836	1878	1804	1884	
@depthModel	1838.5	1878	1805	1884	
@depthModel	1840	1878	1805.5	1884	
@depthModel	1840.5	1878	1806	1884	
@depthModel	1840.5	1878.5	1806.5	1884.5	
@depthModel	1839	1879.5	1807	1884.5	
@depthModel	1840	1880	1808	1884.5	
@depthModel	1829.5	1880	1808.5	1884.5	
@depthModel	1829.5	1880	1809	1884.5	
@depthModel	1844.5	1880.5	1809.5	1884.5	
@depthModel	1845.5	1880.5	1810.5	1884.5	
@depthModel	1845	1881	1811	1885	
@depthModel	1844.5	1881.5	1811.5	1885	
@depthModel	1846	1881.5	1812	1885	
@depthModel	1848	1881.5	1812.5	1885	
@depthModel	1849.5	1881.5	1813	1885	
@depthModel	1849.5	1881.5	1813.5	1885	
@depthModel	1849	1882	1814	1885	
@depthModel	1848	1882	1815	1885	
@depthModel	1850	1882.5	1815.5	1885	
@depthModel	1851	1882.5	1816	1885	
@depthModel	1852	1882.5	1816	1885.5	
@depthModel	1852.5	1882.5	1816.5	1885.5	
@depthModel	1852.5	1882.5	1817	1885.5	
@depthModel	1851.5	1883	1817.5	1885.5	
@depthModel	1852	1883	1818.5	1885.5	
@depthModel	1855	1883	1819.5	1885.5	
@depthModel	1855.5	1883	1820.5	1888	
@depthModel	1856	1883.5	1822	1888	
@depthModel	1856	1883.5	1824.5	1888	
@depthModel	1856	1883.5	1825	1888	
@depthModel	1850.5	1883.5	1826	1888	
@depthModel	1857	1883.5	1826.5	1888	
@depthModel	1859	1883.5	1827.5	1888	
@depthModel	1860	1883.5	1828	1888	
@depthModel	1860.5	1884	1828.5	1888	
@depthModel	1860.5	1884	1829.5	1888	
@depthModel	1856.5	1884	1830	1888	
@depthModel	1855	1884	1831	1888	
@depthModel	1854.5	1884.5	1831.5	1888	
@depthModel	1854.5	1884.5	1832.5	1888	
@depthModel	1854.5	1884.5	1833	1888	
@depthModel	1855	1884.5	1834	1888	
@depthModel	1855.5	1885	1834.5	1888	
@depthModel	1858.5	1885	1835.5	1888	
@depthModel	1858.5	1885	1836	1888	
@depthModel	1859	1885	1837	1888	
@depthModel	1859.5	1885	1837.5	1888	
@depthModel	1859.5	1885.5	1838.5	1888	
@depthModel	1860	1885.5	1839.5	1888	
@depthModel	1863.5	1888	1840	1888	
@depthModel	1865	1885.5	1841	1888	
@depthModel	1866.5	1888	1842	1888	
@depthModel	1865.5	1888	1842.5	1888	
@depthModel	1865.5	1888	1844	1888	
@depthModel	1868.5	1888	1845	1888	
@depthModel	1869	1888	1846	1888	
@depthModel	1870	1888	1846.5	1888	
@depthModel	1871	1888	1848	1888	
@depthModel	1871.5	1888	1849	1888	
@depthModel	1872	1888	1850	1888	
@depthModel	1873	1888	1851	1888	
@depthModel	1873.5	1888	1852.5	1888	
@depthModel	1874.5	1888	1853.5	1888	
@depthModel	1875.5	1888	1855	1888	
@depthModel	1876	1888	1856.5	1888	
@depthModel	1876.5	1888	1858	1888	
@depthModel	1877	1888	1859	1888	
@depthModel	1877.5	1888	1860.5	1888	
@depthModel	1878	1888	1861.5	1888	
@depthModel	1879	1888	1863	1888	
@depthModel	1879.5	1888	1865	1888	
@depthModel	1880	1888	1867	1888	
@depthModel	1880.5	1888	1869	1888	
@depthModel	1881	1888	1872	1888	
@depthModel	1882	1888	1874.5	1888	
@depthModel	1882.5	1888	1877.5	1888	