
start	
BL-C13	778	936.5	774.5	945.5	
BL-C14	783	970.5	777	980.5	
BL-C16	773.5	867.5	730	885.5	
BL-C17	1170	1216.5	1157.5	1245.5	
I	
BL-C21	1166	1212.5	1054.5	1250	
end	
U(-2,2)	-2	2	-2	2	
Baer_Medieval	-2	2	-2	2	
BL-C15	690	768.5	667	860.5	
BL-C18	1294	1387	1287	1392.5	
BL-C19	1268.5	1282.5	1259.5	1290	
	
	
	
	
@Baer_Medieval	-1.32103	-1.08103	-1.32103	-0.67703	
@start	770.5	825.5	756.5	888.5	
@BL-C13	774.5	821.5	771.5	886	
@BL-C14	802	899.5	787	915	
@BL-C16	859.5	942.5	835.5	963.5	
@BL-C17	1053	1073.5	1045	1180	
@I	1119	1190.5	1085.5	1221	
@BL-C21	1173.5	1216.5	1156.5	1251	
@end	1170.5	1218.5	1156.5	1256	
@BL-C15	691	768	667	860.5	
@BL-C18	1294	1387	1286.5	1393	
@BL-C19	1268	1283	1259	1290	
@depthModel	772	824.5	766.5	887.5	
@depthModel	775.5	823.5	772	886	
@depthModel	775.5	828	772.5	886.5	
@depthModel	776	828	773	886.5	
@depthModel	776.5	828.5	774	886.5	
@depthModel	777	829	774.5	886.5	
@depthModel	777.5	830	775.5	886.5	
@depthModel	778.5	831	775.5	890	
@depthModel	779	832	776	890.5	
@depthModel	779.5	832.5	776	890.5	
@depthModel	780	834.5	776.5	891	
@depthModel	780.5	837.5	777	891.5	
@depthModel	781	840	777.5	892	
@depthModel	781.5	840.5	778	892.5	
@depthModel	782.5	841	778.5	893	
@depthModel	783	842	779	894	
@depthModel	784	843	779.5	895	
@depthModel	784.5	844	780.5	895.5	
@depthModel	785	845.5	780.5	898	
@depthModel	785.5	848.5	780.5	900	
@depthModel	786.5	851	781	901.5	
@depthModel	787.5	852.5	781.5	902.5	
@depthModel	788.5	853	782	903	
@depthModel	790	855	782.5	903.5	
@depthModel	790.5	857.5	783	904.5	
@depthModel	792.5	857.5	783.5	905	
@depthModel	795.5	855.5	784	905.5	
@depthModel	796.5	893	784.5	906.5	
@depthModel	798	894.5	785	908	
@depthModel	799.5	895.5	785	910	
@depthModel	800.5	897	785.5	911	
@depthModel	801.5	898	786	914	
@depthModel	803.5	900.5	789.5	915.5	
@depthModel	805.5	900.5	790.5	919	
@depthModel	806.5	902	795.5	921	
@depthModel	807.5	903.5	795.5	924.5	
@depthModel	809	904.5	798	925	
@depthModel	810.5	905.5	800.5	925.5	
@depthModel	812	907	801	927.5	
@depthModel	813.5	909	801.5	929.5	
@depthModel	815	911	803.5	929.5	
@depthModel	816.5	913	805.5	930.5	
@depthModel	818.5	914.5	806.5	932	
@depthModel	820.5	917.5	808	933	
@depthModel	822	921	809	934	
@depthModel	823.5	922.5	810	935	
@depthModel	825.5	925.5	811.5	936	
@depthModel	828	926	812.5	937.5	
@depthModel	829.5	928	813.5	939	
@depthModel	830.5	930.5	814.5	940	
@depthModel	833.5	931.5	815.5	941	
@depthModel	834.5	933	815.5	943	
@depthModel	835.5	934.5	816.5	944.5	
@depthModel	838	935	817	945.5	
@depthModel	840.5	936	819.5	946	
@depthModel	842.5	936.5	820	948.5	
@depthModel	844.5	937.5	821	950	
@depthModel	846	938.5	823	951.5	
@depthModel	847	939.5	825.5	951.5	
@depthModel	848	940.5	826	956.5	
@depthModel	851.5	940.5	828.5	955.5	
@depthModel	855.5	940.5	830.5	961.5	
@depthModel	860	941	831.5	963	
@depthModel	856	945.5	833.5	971.5	
@depthModel	855.5	949.5	835.5	980.5	
@depthModel	855.5	955	837	991.5	
@depthModel	856.5	964	839	1002	
@depthModel	860	968	841	1013	
@depthModel	862.5	975	843.5	1020	
@depthModel	865.5	980.5	845.5	1028.5	
@depthModel	868.5	985.5	848.5	1036	
@depthModel	872	994	851	1043	
@depthModel	875.5	999	854.5	1046	
@depthModel	879.5	1006.5	856.5	1052	
@depthModel	882.5	1015	860.5	1056	
@depthModel	889.5	1025	861.5	1060.5	
@depthModel	923	1036	863.5	1064.5	
@depthModel	930.5	1044.5	866	1068	
@depthModel	938	1049	867	1071.5	
@depthModel	946	1053	868	1074.5	
@depthModel	954.5	1057	870	1077	
@depthModel	960	1060	869	1080	
@depthModel	968	1063	871.5	1161.5	
@depthModel	974.5	1065.5	877	1165.5	
@depthModel	982.5	1067.5	882.5	1167	
@depthModel	988.5	1070.5	889	1170	
@depthModel	998	1072	894.5	1173	
@depthModel	1004	1073.5	903.5	1175.5	
@depthModel	1010.5	1075	915	1178	
@depthModel	1021	1075.5	925.5	1180.5	
@depthModel	1030	1076.5	940.5	1183.5	
@depthModel	1038.5	1077	955.5	1186	
@depthModel	1045.5	1076.5	975.5	1189	
@depthModel	1050	1075	1008.5	1189.5	
@depthModel	1054	1076	1045.5	1185	
@depthModel	1054.5	1079	1046	1186	
@depthModel	1055.5	1082	1046.5	1187.5	
@depthModel	1055.5	1086	1047	1190.5	
@depthModel	1056	1091	1048	1190.5	
@depthModel	1057.5	1094	1049	1190.5	
@depthModel	1059	1097	1050.5	1192.5	
@depthModel	1060	1100.5	1051	1192.5	
@depthModel	1061	1106	1052	1192.5	
@depthModel	1063	1109	1053	1194.5	
@depthModel	1065	1111.5	1054	1195.5	
@depthModel	1066	1117	1055.5	1196.5	
@depthModel	1067.5	1120.5	1056.5	1198	
@depthModel	1070	1123.5	1058	1196.5	
@depthModel	1071	1129	1059.5	1195.5	
@depthModel	1074	1131	1061	1195.5	
@depthModel	1075.5	1135.5	1062.5	1195	
@depthModel	1078	1139	1064.5	1195.5	
@depthModel	1080.5	1142	1065.5	1199	
@depthModel	1082.5	1146.5	1066.5	1201	
@depthModel	1085	1150	1068.5	1201	
@depthModel	1087	1154.5	1070.5	1203.5	
@depthModel	1090.5	1157	1071.5	1206	
@depthModel	1092.5	1161	1073.5	1206.5	
@depthModel	1095	1164.5	1075	1209	
@depthModel	1098	1168	1076	1211	
@depthModel	1101	1172	1078.5	1212	
@depthModel	1104.5	1175	1080	1214.5	
@depthModel	1107.5	1179.5	1081	1216.5	
@depthModel	1110.5	1183	1083	1218	
@depthModel	1115.5	1186.5	1084.5	1219.5	
@depthModel	1121	1192	1087	1223	
@depthModel	1123	1193	1089.5	1222.5	
@depthModel	1125	1194	1090.5	1225	
@depthModel	1126.5	1195.5	1092	1225.5	
@depthModel	1129.5	1195.5	1094	1225	
@depthModel	1131	1197	1095.5	1227.5	
@depthModel	1133.5	1197.5	1097.5	1228	
@depthModel	1135	1199.5	1100.5	1229.5	
@depthModel	1136.5	1200.5	1102.5	1231	
@depthModel	1140	1200.5	1105	1230	
@depthModel	1141	1201.5	1107.5	1234	
@depthModel	1142.5	1202.5	1110	1233	
@depthModel	1145	1202.5	1112	1236.5	
@depthModel	1145.5	1205	1115	1236	
@depthModel	1148	1204.5	1116	1239	
@depthModel	1150	1205	1119	1238.5	
@depthModel	1151	1206	1120.5	1240.5	
@depthModel	1153	1206	1123.5	1240	
@depthModel	1155	1206.5	1126	1241.5	
@depthModel	1155.5	1208	1128.5	1242	
@depthModel	1156.5	1209	1130.5	1243	
@depthModel	1158.5	1208.5	1132.5	1244.5	
@depthModel	1160	1209	1135.5	1245.5	
@depthModel	1160.5	1210.5	1139.5	1245.5	
@depthModel	1162	1211	1141.5	1247	
@depthModel	1164.5	1210.5	1145	1247	
@depthModel	1165.5	1211	1146.5	1248.5	
@depthModel	1166.5	1212.5	1150	1246.5	
@depthModel	1167	1214	1151.5	1249	
@depthModel	1168.5	1215	1153.5	1248.5	
@depthModel	1171.5	1215.5	1155.5	1250	