
start	
HE-C01	1397	1425.5	1324	1434	
K/HE-C03	1418.5	1437	1408.5	1443	
HE-C04	1431	1491	1418	1625.5	
L	1460.5	1622	1452.5	1635	
HE-C06	1431.5	1449.5	1424	1455	
M	1454	1615.5	1444.5	1630.5	
HE-C08	1524	1644.5	1510.5	1651.5	
HE-C10	1473	1620.5	1457.5	1631	
HE-C11	1530	1795	1520.5	1800	
HE-C12	1652	1799	1645		
HE-C13	1671.5	1944.5	1666		
end	
U(-2,2)	-2	2	-2	2	
Hochschneid	-2	2	-2	2	
	
	
@Hochschneid	-1.92037	-1.70837	-1.92037	-1.48837	
@start	1402	1421.5	1335	1434	
@HE-C01	1402	1421.5	1335	1434	
@K/HE-C03	1420	1435.5	1411	1442	
@HE-C04	1430	1449.5	1423	1457.5	
@L	1445.5	1465.5	1439.5	1474	
@HE-C06	1448	1473	1442.5	1479.5	
@M	1475	1516	1453	1580.5	
@HE-C08	1520	1560.5	1499.5	1590	
@HE-C10	1590	1625.5	1554	1635.5	
@HE-C11	1634	1655.5	1534	1668.5	
@HE-C12	1654	1674	1644.5	1796.5	
@HE-C13	1667	1743	1662	1860	
@end	1667	1743	1662	1860	
@depthModel	1402.5	1421.5	1391	1434.5	
@depthModel	1403	1422	1341.5	1434.5	
@depthModel	1403	1422	1341	1435	
@depthModel	1403.5	1422	1341.5	1435.5	
@depthModel	1403.5	1422.5	1343	1435.5	
@depthModel	1403.5	1423	1391	1436	
@depthModel	1403.5	1423	1391	1436.5	
@depthModel	1404	1423.5	1391	1437	
@depthModel	1404	1423.5	1391.5	1437	
@depthModel	1404.5	1424	1391.5	1437	
@depthModel	1404.5	1424.5	1391.5	1437	
@depthModel	1404.5	1424.5	1392	1437.5	
@depthModel	1405	1425	1392	1437	
@depthModel	1405	1425	1392.5	1437.5	
@depthModel	1405.5	1425.5	1393	1437.5	
@depthModel	1405.5	1425.5	1393	1437.5	
@depthModel	1406	1426	1394	1437.5	
@depthModel	1406.5	1426	1394	1438	
@depthModel	1406.5	1426.5	1394	1438	
@depthModel	1407	1426.5	1394	1438.5	
@depthModel	1407	1427	1394.5	1438.5	
@depthModel	1407.5	1427	1395	1438.5	
@depthModel	1408	1427.5	1395	1439	
@depthModel	1408	1427.5	1395.5	1439	
@depthModel	1408.5	1427.5	1395.5	1439.5	
@depthModel	1408.5	1428	1396	1439	
@depthModel	1408.5	1428.5	1396	1439.5	
@depthModel	1409	1428.5	1396.5	1439	
@depthModel	1409	1429	1396.5	1439.5	
@depthModel	1409	1429	1397	1439.5	
@depthModel	1409.5	1429.5	1397	1439.5	
@depthModel	1409.5	1429.5	1397.5	1439.5	
@depthModel	1410	1430	1398	1439.5	
@depthModel	1410	1430	1398.5	1439.5	
@depthModel	1410.5	1430.5	1398.5	1439.5	
@depthModel	1410.5	1430.5	1399	1439.5	
@depthModel	1411	1431	1399.5	1440	
@depthModel	1411.5	1431	1399.5	1440	
@depthModel	1412	1431	1400	1440	
@depthModel	1412.5	1431	1400	1440	
@depthModel	1412.5	1431.5	1400.5	1440.5	
@depthModel	1413.5	1431	1400.5	1440.5	
@depthModel	1414	1431	1401	1440.5	
@depthModel	1414.5	1431.5	1401.5	1440.5	
@depthModel	1414.5	1431.5	1402	1440.5	
@depthModel	1414.5	1432	1402.5	1440.5	
@depthModel	1415	1432	1403.5	1440.5	
@depthModel	1415	1432.5	1404	1440.5	
@depthModel	1415	1433	1404.5	1440.5	
@depthModel	1415	1433.5	1405	1440.5	
@depthModel	1415.5	1433.5	1405.5	1440.5	
@depthModel	1415.5	1434	1406	1441	
@depthModel	1415.5	1434.5	1406	1441	
@depthModel	1415.5	1434.5	1406.5	1441	
@depthModel	1415.5	1435	1407	1441	
@depthModel	1415.5	1435.5	1407.5	1441	
@depthModel	1416.5	1435	1408	1441	
@depthModel	1417	1435	1409	1440.5	
@depthModel	1417.5	1435	1409.5	1440.5	
@depthModel	1418	1435	1410.5	1440.5	
@depthModel	1418.5	1435	1410.5	1441	
@depthModel	1419	1435	1410.5	1441.5	
@depthModel	1419.5	1435.5	1411	1441.5	
@depthModel	1420	1435.5	1411.5	1442	
@depthModel	1420.5	1435.5	1411.5	1442.5	
@depthModel	1420.5	1436	1412	1442.5	
@depthModel	1420.5	1436	1411.5	1443	
@depthModel	1420.5	1436.5	1412	1443.5	
@depthModel	1421	1436.5	1412	1443.5	
@depthModel	1421	1437	1411.5	1444.5	
@depthModel	1421	1437	1411	1445	
@depthModel	1421	1437.5	1411.5	1445	
@depthModel	1421	1437.5	1411	1445.5	
@depthModel	1421	1438	1411.5	1445.5	
@depthModel	1421	1438.5	1412	1446	
@depthModel	1421	1438.5	1412	1446	
@depthModel	1421	1439	1412.5	1446	
@depthModel	1421	1439.5	1413	1446.5	
@depthModel	1421	1440	1413.5	1446.5	
@depthModel	1421	1440	1413.5	1447	
@depthModel	1421.5	1440	1414	1447	
@depthModel	1421.5	1440	1414	1447.5	
@depthModel	1422	1440	1414	1448	
@depthModel	1422.5	1440	1414.5	1448	
@depthModel	1422.5	1440.5	1414	1449	
@depthModel	1422.5	1440.5	1414	1449	
@depthModel	1423	1440.5	1414.5	1449.5	
@depthModel	1423.5	1440.5	1414.5	1450	
@depthModel	1423.5	1440.5	1414.5	1450	
@depthModel	1424	1440.5	1414.5	1450	
@depthModel	1424.5	1440.5	1415	1450.5	
@depthModel	1424.5	1441	1415	1450.5	
@depthModel	1425	1441	1415.5	1450.5	
@depthModel	1425	1441	1415.5	1451	
@depthModel	1425	1441.5	1415.5	1451.5	
@depthModel	1425	1442	1416	1452	
@depthModel	1425	1442.5	1416	1452	
@depthModel	1425	1442.5	1416.5	1452.5	
@depthModel	1425	1443	1416.5	1452.5	
@depthModel	1425.5	1443.5	1416.5	1453	
@depthModel	1425.5	1444	1417	1453	
@depthModel	1425.5	1444	1417	1453.5	
@depthModel	1425.5	1444.5	1417.5	1453.5	
@depthModel	1425.5	1445	1417.5	1453.5	
@depthModel	1425.5	1445	1418	1454	
@depthModel	1425.5	1445.5	1418	1454	
@depthModel	1426	1445.5	1418	1454	
@depthModel	1426	1445.5	1418.5	1454.5	
@depthModel	1426.5	1446	1418.5	1454.5	
@depthModel	1427	1446	1419	1455	
@depthModel	1427	1446	1419	1455	
@depthModel	1427.5	1446	1419	1455	
@depthModel	1428	1446	1419.5	1455.5	
@depthModel	1428.5	1446	1420	1455.5	
@depthModel	1429	1446	1420.5	1455.5	
@depthModel	1429	1446	1420.5	1456	
@depthModel	1429.5	1446	1420.5	1456.5	
@depthModel	1429.5	1446.5	1421	1456.5	
@depthModel	1429.5	1447	1421	1457	
@depthModel	1430	1446.5	1421	1457	
@depthModel	1430	1447	1421.5	1457	
@depthModel	1430	1447.5	1421.5	1457.5	
@depthModel	1430	1448	1421.5	1457.5	
@depthModel	1430	1448	1422	1457.5	
@depthModel	1430.5	1448.5	1422.5	1457.5	
@depthModel	1430.5	1449	1422.5	1457.5	
@depthModel	1430.5	1450	1423	1458	
@depthModel	1430.5	1450	1423.5	1458	
@depthModel	1430.5	1450.5	1423.5	1458.5	
@depthModel	1431	1450.5	1424	1459	
@depthModel	1431.5	1450.5	1423.5	1459.5	
@depthModel	1431.5	1451	1424	1459.5	
@depthModel	1432	1451	1424	1460	
@depthModel	1432.5	1451	1424.5	1460	
@depthModel	1433	1451	1425	1460.5	
@depthModel	1433.5	1451.5	1425.5	1460.5	
@depthModel	1433.5	1451.5	1425.5	1461	
@depthModel	1434	1451.5	1425.5	1461.5	
@depthModel	1434.5	1451.5	1425.5	1462	
@depthModel	1434.5	1452	1425.5	1462.5	
@depthModel	1434.5	1452	1426	1463	
@depthModel	1434.5	1453	1426	1463.5	
@depthModel	1434.5	1453.5	1426	1464	
@depthModel	1434.5	1453.5	1426	1464	
@depthModel	1435	1454	1426	1464.5	
@depthModel	1435	1454.5	1426.5	1464.5	
@depthModel	1435	1454.5	1427	1464.5	
@depthModel	1435.5	1455	1427	1464.5	
@depthModel	1435.5	1455.5	1427.5	1465	
@depthModel	1435.5	1455.5	1428	1465	
@depthModel	1436	1456	1428	1465.5	
@depthModel	1436.5	1456	1428.5	1465.5	
@depthModel	1436.5	1456	1428.5	1465.5	
@depthModel	1437	1456.5	1429	1465.5	
@depthModel	1437	1456.5	1430	1465.5	
@depthModel	1437.5	1456.5	1430.5	1465.5	
@depthModel	1438	1457	1430.5	1466	
@depthModel	1438	1457	1430.5	1467	
@depthModel	1438.5	1457	1430.5	1467.5	
@depthModel	1439	1457	1430.5	1468	
@depthModel	1439.5	1457	1430.5	1468.5	
@depthModel	1439.5	1457.5	1431	1469	
@depthModel	1439.5	1457.5	1431	1469	
@depthModel	1440	1458	1431	1469	
@depthModel	1440	1458.5	1431.5	1469.5	
@depthModel	1440	1459	1431.5	1469.5	
@depthModel	1440	1459.5	1432	1469.5	
@depthModel	1440.5	1460	1432	1470	
@depthModel	1440.5	1460.5	1432.5	1470	
@depthModel	1440.5	1461	1433	1470	
@depthModel	1441	1461	1433.5	1470	
@depthModel	1441	1461.5	1433.5	1470	
@depthModel	1441.5	1461.5	1434	1470.5	
@depthModel	1442	1461.5	1434.5	1470.5	
@depthModel	1442	1461.5	1435.5	1470.5	
@depthModel	1442.5	1462	1435.5	1471	
@depthModel	1442.5	1462	1435.5	1471.5	
@depthModel	1443	1462	1436	1472	
@depthModel	1443	1462	1436	1472	
@depthModel	1443.5	1462	1436	1472.5	
@depthModel	1444	1462	1436.5	1473	
@depthModel	1444	1462	1437	1472.5	
@depthModel	1444.5	1462	1437	1473	
@depthModel	1445	1462	1437.5	1473	
@depthModel	1445	1462.5	1438	1473	
@depthModel	1445	1463	1438.5	1472.5	
@depthModel	1445	1463.5	1439	1473	
@depthModel	1445	1464	1439	1473.5	
@depthModel	1445.5	1465	1439.5	1473.5	
@depthModel	1445.5	1465.5	1439.5	1474	
@depthModel	1445.5	1465.5	1439.5	1474	
@depthModel	1445.5	1465.5	1439.5	1474	
@depthModel	1446	1466	1439.5	1474.5	
@depthModel	1446	1466	1439.5	1474.5	
@depthModel	1446	1466	1439.5	1474.5	
@depthModel	1446	1466	1439.5	1474.5	
@depthModel	1446	1466	1439.5	1475	
@depthModel	1446	1466	1439.5	1475	
@depthModel	1446	1466	1440	1475	
@depthModel	1446.5	1466.5	1439.5	1475	
@depthModel	1446.5	1466.5	1439.5	1475	
@depthModel	1446.5	1466.5	1440	1475	
@depthModel	1446.5	1466.5	1440	1475.5	
@depthModel	1446.5	1466.5	1440	1475.5	
@depthModel	1446.5	1466.5	1440	1475.5	
@depthModel	1446.5	1467	1440	1475.5	
@depthModel	1446.5	1467	1440.5	1475.5	
@depthModel	1446.5	1467	1440.5	1475.5	
@depthModel	1446.5	1467.5	1440.5	1475.5	
@depthModel	1446.5	1468	1440.5	1476	
@depthModel	1446.5	1468	1440.5	1476	
@depthModel	1446.5	1468	1440.5	1476	
@depthModel	1446.5	1468.5	1440.5	1476.5	
@depthModel	1446.5	1468.5	1440.5	1476.5	
@depthModel	1446.5	1468.5	1440.5	1476.5	
@depthModel	1446.5	1469	1440.5	1476.5	
@depthModel	1446.5	1469	1441	1477	
@depthModel	1446.5	1469	1441	1477	
@depthModel	1446.5	1469	1441	1477	
@depthModel	1447	1469.5	1441	1477	
@depthModel	1447	1469.5	1441	1477	
@depthModel	1447	1469.5	1441	1477.5	
@depthModel	1447	1469.5	1441	1477.5	
@depthModel	1447	1470	1441	1477.5	
@depthModel	1447	1470	1441	1477.5	
@depthModel	1447	1470	1441	1477.5	
@depthModel	1447	1470.5	1441	1477.5	
@depthModel	1447	1470.5	1441	1478	
@depthModel	1447.5	1470.5	1441.5	1478	
@depthModel	1447.5	1470.5	1441.5	1478	
@depthModel	1447.5	1471	1441.5	1478	
@depthModel	1447.5	1471	1441.5	1478	
@depthModel	1447.5	1471	1441.5	1478	
@depthModel	1447.5	1471	1441.5	1478	
@depthModel	1447.5	1471	1441.5	1478	
@depthModel	1447.5	1471	1441.5	1478	
@depthModel	1448	1471.5	1441.5	1478.5	
@depthModel	1448	1471.5	1442	1478.5	
@depthModel	1448	1471.5	1442	1478.5	
@depthModel	1448	1471.5	1442	1478.5	
@depthModel	1448	1471.5	1442	1478.5	
@depthModel	1448	1471.5	1442	1478.5	
@depthModel	1448	1471.5	1442	1478.5	
@depthModel	1448	1472	1442.5	1478.5	
@depthModel	1448	1472	1442	1479	
@depthModel	1448	1472	1442	1479	
@depthModel	1448	1472.5	1442	1479	
@depthModel	1448	1472.5	1442	1479	
@depthModel	1448	1472.5	1442	1479	
@depthModel	1448	1472.5	1442	1479	
@depthModel	1448	1473	1442.5	1479	
@depthModel	1448	1473	1442.5	1479.5	
@depthModel	1448.5	1473.5	1441.5	1481	
@depthModel	1448.5	1474	1441.5	1483	
@depthModel	1448.5	1474	1441.5	1485	
@depthModel	1449	1474	1441.5	1487	
@depthModel	1449	1474.5	1442	1488.5	
@depthModel	1449.5	1474.5	1442	1490.5	
@depthModel	1449.5	1475	1442	1492	
@depthModel	1450	1475	1442	1493.5	
@depthModel	1450.5	1475.5	1442.5	1494.5	
@depthModel	1450.5	1476	1442.5	1496	
@depthModel	1451	1476.5	1442.5	1497.5	
@depthModel	1451	1477	1443	1498.5	
@depthModel	1450.5	1477.5	1443	1499.5	
@depthModel	1450.5	1478.5	1443	1501	
@depthModel	1450.5	1479.5	1443.5	1502	
@depthModel	1450.5	1480	1443.5	1503.5	
@depthModel	1450.5	1480.5	1443.5	1504.5	
@depthModel	1451	1481.5	1444	1505.5	
@depthModel	1451	1482	1444	1506	
@depthModel	1451.5	1483	1444.5	1507.5	
@depthModel	1451.5	1484	1444.5	1509	
@depthModel	1452	1484.5	1445	1510	
@depthModel	1452	1485	1445.5	1510.5	
@depthModel	1452.5	1486	1445	1512.5	
@depthModel	1453	1486	1445	1514	
@depthModel	1453	1487	1445.5	1515	
@depthModel	1453.5	1487	1445.5	1516	
@depthModel	1454	1488	1445.5	1517.5	
@depthModel	1454.5	1488.5	1445.5	1519	
@depthModel	1454.5	1489.5	1445.5	1520	
@depthModel	1455	1490	1445.5	1521	
@depthModel	1455	1490.5	1445.5	1521.5	
@depthModel	1455.5	1492	1446	1522.5	
@depthModel	1455.5	1494	1446	1523.5	
@depthModel	1455.5	1495.5	1445.5	1525	
@depthModel	1456.5	1496	1445.5	1525.5	
@depthModel	1457.5	1497	1446	1526.5	
@depthModel	1458.5	1497	1446	1527.5	
@depthModel	1459	1497.5	1446	1528.5	
@depthModel	1459.5	1499	1446	1530	
@depthModel	1460	1499.5	1446	1531	
@depthModel	1460.5	1500.5	1446	1532	
@depthModel	1461	1501.5	1446.5	1533.5	
@depthModel	1461.5	1502.5	1446.5	1535	
@depthModel	1462	1504	1446.5	1535	
@depthModel	1463	1504.5	1447	1534.5	
@depthModel	1463.5	1505	1447	1534	
@depthModel	1465	1505.5	1447.5	1560	
@depthModel	1465.5	1506	1448	1561	
@depthModel	1465.5	1507.5	1448.5	1562	
@depthModel	1466	1509	1448.5	1562.5	
@depthModel	1466	1510	1449	1563.5	
@depthModel	1467	1510	1449.5	1564	
@depthModel	1467.5	1510.5	1450	1564.5	
@depthModel	1468.5	1510.5	1450.5	1565.5	
@depthModel	1469.5	1510.5	1451	1566	
@depthModel	1470.5	1510.5	1451	1566.5	
@depthModel	1470.5	1512.5	1451.5	1567	
@depthModel	1470.5	1514.5	1451.5	1568	
@depthModel	1471	1515.5	1452	1568.5	
@depthModel	1472	1515.5	1452	1569	
@depthModel	1473	1516	1452.5	1576.5	
@depthModel	1474	1516	1452.5	1578.5	
@depthModel	1475	1519	1454	1569.5	
@depthModel	1476	1520.5	1455.5	1568	
@depthModel	1478	1521.5	1456	1568	
@depthModel	1477	1523	1456.5	1567.5	
@depthModel	1476	1524.5	1457.5	1568	
@depthModel	1477	1525.5	1458	1568	
@depthModel	1479	1526	1458.5	1568.5	
@depthModel	1478	1528	1459	1569.5	
@depthModel	1478.5	1530	1460	1570	
@depthModel	1480.5	1531	1460.5	1572.5	
@depthModel	1480.5	1534	1461	1575	
@depthModel	1481.5	1536	1462	1575	
@depthModel	1484	1537	1463.5	1575	
@depthModel	1485	1539.5	1465	1575.5	
@depthModel	1487	1542	1465.5	1580	
@depthModel	1488.5	1544	1467	1580	
@depthModel	1490.5	1545.5	1469	1579.5	
@depthModel	1493	1547	1470.5	1580.5	
@depthModel	1495	1549	1471.5	1582.5	
@depthModel	1496.5	1551	1473	1582.5	
@depthModel	1500	1551	1475	1582.5	
@depthModel	1500.5	1553	1475.5	1585	
@depthModel	1501.5	1554.5	1478	1585	
@depthModel	1504	1555.5	1480	1585.5	
@depthModel	1506	1556	1482	1586.5	
@depthModel	1508.5	1556.5	1485	1586.5	
@depthModel	1510.5	1558	1486.5	1588	
@depthModel	1511.5	1559.5	1488.5	1588.5	
@depthModel	1514	1559.5	1491.5	1589	
@depthModel	1515.5	1560.5	1494	1589	
@depthModel	1517.5	1560.5	1496	1590	
@depthModel	1520.5	1565.5	1500.5	1590.5	
@depthModel	1521	1566	1501	1592	
@depthModel	1521.5	1566.5	1500.5	1593.5	
@depthModel	1522	1567.5	1500	1595	
@depthModel	1522.5	1568	1501	1596	
@depthModel	1523	1568.5	1501.5	1597	
@depthModel	1523.5	1569.5	1501.5	1598.5	
@depthModel	1524	1570	1501	1600.5	
@depthModel	1525	1571	1503	1601	
@depthModel	1525	1572.5	1503.5	1602.5	
@depthModel	1525.5	1574.5	1503.5	1604	
@depthModel	1525.5	1576	1504	1605	
@depthModel	1526	1578	1505.5	1606	
@depthModel	1526.5	1579	1506	1608	
@depthModel	1527	1580	1505.5	1610	
@depthModel	1528	1580.5	1506.5	1611	
@depthModel	1529	1581	1508	1611	
@depthModel	1530	1581.5	1509.5	1611	
@depthModel	1530.5	1585	1509	1613	
@depthModel	1531	1587	1509.5	1614	
@depthModel	1532.5	1588	1510	1615	
@depthModel	1534	1588.5	1511	1615.5	
@depthModel	1535	1590	1512	1616	
@depthModel	1535.5	1591	1513	1617	
@depthModel	1536	1594	1513	1618	
@depthModel	1538	1595	1513	1619	
@depthModel	1540	1595.5	1513.5	1619.5	
@depthModel	1540.5	1597.5	1514.5	1620	
@depthModel	1541	1599.5	1515	1620.5	
@depthModel	1543.5	1600.5	1517	1621	
@depthModel	1545.5	1601	1518	1622	
@depthModel	1545.5	1603.5	1517.5	1623	
@depthModel	1546	1605	1518	1624	
@depthModel	1549	1605.5	1518	1624.5	
@depthModel	1551	1606	1518	1625	
@depthModel	1552	1607.5	1520.5	1625.5	
@depthModel	1552.5	1609	1522.5	1626	
@depthModel	1554.5	1610	1524	1626.5	
@depthModel	1556	1610.5	1524	1627.5	
@depthModel	1558.5	1611.5	1524.5	1628	
@depthModel	1559.5	1612.5	1525	1629	
@depthModel	1560	1614	1520.5	1629.5	
@depthModel	1560.5	1615	1526	1630	
@depthModel	1565	1615.5	1527.5	1630.5	
@depthModel	1566.5	1616	1530.5	1630.5	
@depthModel	1567.5	1617	1531	1631	
@depthModel	1568.5	1618	1532	1631.5	
@depthModel	1569	1619	1533.5	1631.5	
@depthModel	1570	1619.5	1534.5	1632	
@depthModel	1570.5	1620	1535	1632.5	
@depthModel	1572	1620	1536	1633	
@depthModel	1574.5	1620.5	1536.5	1633.5	
@depthModel	1576	1620.5	1538.5	1633.5	
@depthModel	1578	1621	1539.5	1633.5	
@depthModel	1580	1621	1540	1634	
@depthModel	1581	1622	1540.5	1634.5	
@depthModel	1582	1622.5	1543	1634.5	
@depthModel	1583	1623	1544.5	1634.5	
@depthModel	1584	1624	1545.5	1635	
@depthModel	1585	1624.5	1547	1635	
@depthModel	1586	1625	1550	1635	
@depthModel	1587.5	1625	1518.5	1635.5	
@depthModel	1589	1625	1552.5	1635.5	
@depthModel	1591	1626.5	1554	1638.5	
@depthModel	1591.5	1628.5	1554.5	1642	
@depthModel	1592	1630	1554.5	1646	
@depthModel	1593	1630.5	1554.5	1649.5	
@depthModel	1594	1632	1555.5	1650.5	
@depthModel	1593.5	1634	1555.5	1653	
@depthModel	1594.5	1635	1555.5	1654.5	
@depthModel	1595.5	1636.5	1555.5	1655.5	
@depthModel	1596	1639.5	1556.5	1656	
@depthModel	1598	1640.5	1557.5	1656.5	
@depthModel	1600.5	1641	1558.5	1657	
@depthModel	1600.5	1644	1558.5	1658.5	
@depthModel	1601.5	1645.5	1558.5	1659	
@depthModel	1605	1645.5	1558	1659.5	
@depthModel	1606	1647	1559	1660	
@depthModel	1606	1649	1560	1660.5	
@depthModel	1607	1650	1561	1661	
@depthModel	1609.5	1650.5	1562	1661	
@depthModel	1612	1651	1563	1662	
@depthModel	1614.5	1651.5	1563	1662.5	
@depthModel	1615.5	1652.5	1563.5	1663	
@depthModel	1616.5	1653.5	1563.5	1663.5	
@depthModel	1617.5	1654	1563.5	1664	
@depthModel	1619	1654.5	1563.5	1664.5	
@depthModel	1620.5	1655	1563.5	1664.5	
@depthModel	1623.5	1655.5	1563.5	1665	
@depthModel	1625.5	1655.5	1563.5	1665	
@depthModel	1628.5	1656	1564.5	1665.5	
@depthModel	1630.5	1656	1563.5	1666	
@depthModel	1631	1656.5	1561.5	1667.5	
@depthModel	1632.5	1656	1561	1668	
@depthModel	1634.5	1655.5	1561	1669.5	
@depthModel	1634.5	1656	1560.5	1670	
@depthModel	1635	1656.5	1560.5	1671.5	
@depthModel	1634.5	1657.5	1560.5	1673.5	
@depthModel	1635	1658	1558.5	1675	
@depthModel	1634.5	1658.5	1558.5	1676.5	
@depthModel	1635	1659	1556	1679	
@depthModel	1635	1659.5	1560.5	1680.5	
@depthModel	1635	1660	1561.5	1681.5	
@depthModel	1635.5	1660.5	1561.5	1684	
@depthModel	1635.5	1660.5	1562	1686	
@depthModel	1636	1661	1562.5	1688	
@depthModel	1636	1661.5	1563.5	1690	
@depthModel	1636.5	1661.5	1564.5	1692	
@depthModel	1636.5	1662	1565.5	1695.5	
@depthModel	1636.5	1662.5	1566	1700.5	
@depthModel	1637	1663	1566.5	1702.5	
@depthModel	1637	1663	1568.5	1703.5	
@depthModel	1637.5	1663.5	1569.5	1705.5	
@depthModel	1637.5	1663.5	1570.5	1710	
@depthModel	1638	1664	1571.5	1713.5	
@depthModel	1638	1664	1573.5	1715	
@depthModel	1638	1664.5	1574.5	1716	
@depthModel	1638.5	1665	1575.5	1719.5	
@depthModel	1639	1665	1579.5	1722.5	
@depthModel	1639.5	1665	1580.5	1727	
@depthModel	1640	1665.5	1582	1729.5	
@depthModel	1640.5	1665.5	1584	1730	
@depthModel	1640.5	1666	1585.5	1734.5	
@depthModel	1641	1666.5	1587	1737	
@depthModel	1641	1667	1589.5	1737.5	
@depthModel	1641.5	1667.5	1590.5	1740	
@depthModel	1642	1667.5	1592	1743	
@depthModel	1642	1667.5	1594.5	1745	
@depthModel	1642.5	1668	1597	1746.5	
@depthModel	1642.5	1668.5	1596.5	1749	
@depthModel	1642.5	1669	1596.5	1750	
@depthModel	1643	1669	1600.5	1751.5	
@depthModel	1643.5	1669	1602	1754.5	
@depthModel	1643.5	1669.5	1604.5	1755.5	
@depthModel	1644	1669.5	1609.5	1767.5	
@depthModel	1644.5	1670	1611	1772	
@depthModel	1644.5	1670	1613	1774	
@depthModel	1645	1670.5	1615.5	1782.5	
@depthModel	1645.5	1670.5	1617.5	1785	
@depthModel	1646	1671	1619.5	1786	
@depthModel	1646.5	1671	1620.5	1788	
@depthModel	1647	1671	1621	1790	
@depthModel	1647.5	1671	1623	1790.5	
@depthModel	1648	1671	1624.5	1791	
@depthModel	1649	1671	1625.5	1791.5	
@depthModel	1649.5	1671	1627	1792	
@depthModel	1650	1671	1628	1793	
@depthModel	1650.5	1671.5	1630	1793.5	
@depthModel	1650.5	1672	1631	1794	
@depthModel	1650.5	1673	1633	1795	
@depthModel	1651	1673	1635.5	1795.5	
@depthModel	1651.5	1673	1636.5	1795.5	
@depthModel	1651.5	1673.5	1638	1795.5	
@depthModel	1652.5	1673.5	1639.5	1795.5	
@depthModel	1652.5	1673.5	1641	1796	
@depthModel	1653.5	1673.5	1641.5	1796.5	
@depthModel	1653.5	1674	1643	1796.5	
@depthModel	1654.5	1674.5	1645	1796.5	
@depthModel	1654.5	1675	1644.5	1798	
@depthModel	1654.5	1675.5	1644	1799	
@depthModel	1655	1675.5	1644	1799.5	
@depthModel	1655.5	1676	1644.5	1800	
@depthModel	1655	1677.5	1644.5	1800.5	
@depthModel	1655	1678.5	1645	1800.5	
@depthModel	1655	1679	1645.5	1801	
@depthModel	1655	1680	1645.5	1802	
@depthModel	1655.5	1680.5	1645.5	1802	
@depthModel	1655.5	1681	1645.5	1803	
@depthModel	1655.5	1681.5	1646	1803	
@depthModel	1655.5	1682.5	1646	1803.5	
@depthModel	1655.5	1683.5	1646	1803.5	
@depthModel	1655.5	1684.5	1646.5	1804	
@depthModel	1655.5	1685	1646.5	1804	
@depthModel	1655.5	1685.5	1646.5	1804.5	
@depthModel	1656	1686	1647	1804.5	
@depthModel	1656	1687	1647	1804.5	
@depthModel	1656	1687.5	1647.5	1804.5	
@depthModel	1656	1688.5	1647.5	1804.5	
@depthModel	1656	1689.5	1648	1805	
@depthModel	1656	1690	1648.5	1805	
@depthModel	1656	1690.5	1648.5	1805.5	
@depthModel	1656	1691	1649	1805.5	
@depthModel	1656.5	1692	1649.5	1805.5	
@depthModel	1656.5	1692.5	1650	1805.5	
@depthModel	1656.5	1693	1650.5	1806	
@depthModel	1656.5	1693.5	1650.5	1807	
@depthModel	1656.5	1694.5	1650.5	1808	
@depthModel	1656.5	1695	1650.5	1808.5	
@depthModel	1656.5	1696	1651	1808.5	
@depthModel	1657	1696.5	1651	1809	
@depthModel	1657	1697	1651	1809	
@depthModel	1657	1698	1651	1810	
@depthModel	1657.5	1699	1651.5	1810	
@depthModel	1657.5	1700	1651.5	1810.5	
@depthModel	1657.5	1701	1652	1810.5	
@depthModel	1658	1700.5	1652	1810.5	
@depthModel	1658	1700.5	1652.5	1811	
@depthModel	1658.5	1727.5	1652.5	1811.5	
@depthModel	1659	1728.5	1653	1812	
@depthModel	1659.5	1730	1653	1812.5	
@depthModel	1660.5	1730.5	1653	1813	
@depthModel	1660.5	1732.5	1653.5	1813.5	
@depthModel	1660.5	1733.5	1654	1814	
@depthModel	1661	1734.5	1654	1814	
@depthModel	1661	1735.5	1654.5	1814	
@depthModel	1661.5	1735.5	1655.5	1841	
@depthModel	1662	1736	1655.5	1843	
@depthModel	1662.5	1736	1656	1844.5	
@depthModel	1663	1736.5	1656	1846	
@depthModel	1663.5	1736.5	1656.5	1848	
@depthModel	1664	1736.5	1656.5	1848.5	
@depthModel	1664.5	1736.5	1657	1848.5	
@depthModel	1665	1737.5	1657.5	1851.5	
@depthModel	1665.5	1739	1658.5	1854	
@depthModel	1665.5	1740.5	1659	1853.5	
@depthModel	1666	1740.5	1660	1854.5	
@depthModel	1666	1740.5	1660.5	1859	
@depthModel	1666.5	1740.5	1661	1860	
@depthModel	1666.5	1741	1661	1860	
@depthModel	1667	1742	1661.5	1858.5	