
T(5)	-1.14	1.14	-2.65	2.65	
U(0,4)	3.98986e-17	4	3.98986e-17	4	
General	
s1	
GNS-C4	1645.5	1794.5	1534	1800.5	
GNS-C6	1672.5	1944.5	1666.5		
e1	
U(-2,2)	-2	2	-2	2	
Naturschacht-low	-2	2	-2	2	
s2	
GNS-C8	1664.5		1659		
K6	1695.5	1916	1686.5	1927	
GNS-C10	1672.5	1944	1665.5		
GNS-C11	1702	1908.5	1695	1917.5	
GNS-C12	1699.5	1909.5	1694.5	1917.5	
e2	
U(-2,2)	-2	2	-2	2	
Naturschacht-high	-2	2	-2	2	
GNS-C7	1672.5	1944.5	1666.5		
GNS-C9	1711.5	1905	1701.5	1909.5	
	
	
	
	
@General	-30	46	-155.5	134	
@	
@	5.37764e-17	2.452	5.37764e-17	3.764	
@Naturschacht-low	-0.449328	1.97067	-1.54933	1.98667	
@s1	1003.5	1535.5	998	1701.5	
@GNS-C4	1648.5	1795.5	1638	1801	
@GNS-C6	1666.5	1812.5	1659.5	1858	
@e1	1676	1844.5	1665.5	1935.5	
@Naturschacht-high	-1.736	1.96	-1.836	1.964	
@s2	1655.5	1683.5	1643.5	1809	
@GNS-C8	1657	1685	1647	1809	
@K6	1705	1820	1687.5	1837	
@GNS-C10	1801.5	1890.5	1796	1902.5	
@GNS-C11	1810.5	1900.5	1806	1909.5	
@GNS-C12	1814	1905	1810.5	1915.5	
@e2	1816.5	1909.5	1812	1920.5	
@GNS-C7	1672.5	1945	1666.5	1948	
@GNS-C9	1710.5	1905.5	1701	1910	
@depthModel	1009.5	1537	1003	1703.5	
@depthModel	1018.5	1538	1007.5	1708	
@depthModel	1025.5	1540	1012.5	1710.5	
@depthModel	1036	1540.5	1017.5	1713.5	
@depthModel	1043.5	1542	1022.5	1715.5	
@depthModel	1051	1543	1028	1716	
@depthModel	1060.5	1544.5	1033	1716.5	
@depthModel	1070.5	1548	1038	1718	
@depthModel	1076	1549	1043.5	1731.5	
@depthModel	1082.5	1549	1049	1720.5	
@depthModel	1086.5	1552.5	1053.5	1723	
@depthModel	1093.5	1553.5	1058.5	1731	
@depthModel	1104	1555	1063.5	1733	
@depthModel	1111	1557	1069	1735.5	
@depthModel	1117.5	1559	1074.5	1736.5	
@depthModel	1123	1561	1079.5	1737.5	
@depthModel	1127.5	1560	1084.5	1738.5	
@depthModel	1132	1564	1089	1739.5	
@depthModel	1139	1560.5	1094	1739.5	
@depthModel	1143.5	1558.5	1099.5	1740	
@depthModel	1149	1572	1105	1740	
@depthModel	1153.5	1573.5	1110.5	1740.5	
@depthModel	1169	1576.5	1115.5	1742	
@depthModel	1169.5	1578	1120	1744.5	
@depthModel	1174.5	1581.5	1125	1745	
@depthModel	1184.5	1582	1130	1745.5	
@depthModel	1187.5	1583	1135.5	1745.5	
@depthModel	1192	1584	1140	1746	
@depthModel	1195	1584.5	1145	1748	
@depthModel	1200.5	1587	1150	1749.5	
@depthModel	1209.5	1588	1154.5	1749.5	
@depthModel	1209.5	1588	1159.5	1750.5	
@depthModel	1218.5	1586	1164	1750.5	
@depthModel	1225	1586	1169	1751.5	
@depthModel	1228.5	1589	1174.5	1752	
@depthModel	1232.5	1590	1179.5	1753	
@depthModel	1240	1593	1185	1753.5	
@depthModel	1243	1594.5	1190	1755	
@depthModel	1247.5	1595.5	1195.5	1758.5	
@depthModel	1253.5	1596	1200.5	1757	
@depthModel	1258.5	1598	1205.5	1759	
@depthModel	1263	1600	1210.5	1759.5	
@depthModel	1269.5	1601.5	1215.5	1760	
@depthModel	1274	1602.5	1220.5	1761	
@depthModel	1278.5	1602	1225.5	1762.5	
@depthModel	1284.5	1603	1230.5	1761.5	
@depthModel	1289	1622.5	1235.5	1764.5	
@depthModel	1294	1623.5	1241.5	1766	
@depthModel	1299	1626.5	1246.5	1766	
@depthModel	1305.5	1627.5	1252	1767	
@depthModel	1310	1628.5	1256.5	1767.5	
@depthModel	1314.5	1634	1261.5	1767.5	
@depthModel	1320.5	1635.5	1266	1767.5	
@depthModel	1325.5	1637.5	1271	1769	
@depthModel	1330	1639	1275.5	1770	
@depthModel	1336	1640.5	1280.5	1770	
@depthModel	1341	1642.5	1285.5	1770.5	
@depthModel	1344.5	1643.5	1290.5	1770.5	
@depthModel	1350	1643	1296	1771.5	
@depthModel	1354	1644	1301	1772	
@depthModel	1359	1644.5	1306	1772.5	
@depthModel	1363	1645.5	1311	1773.5	
@depthModel	1368	1645.5	1315.5	1774	
@depthModel	1373	1645.5	1320.5	1774	
@depthModel	1376.5	1648	1325.5	1775	
@depthModel	1381	1648	1330.5	1775.5	
@depthModel	1385.5	1648.5	1336	1775.5	
@depthModel	1389	1648.5	1341	1776	
@depthModel	1392.5	1649.5	1346.5	1776.5	
@depthModel	1395.5	1650.5	1351.5	1777.5	
@depthModel	1398	1649.5	1356	1778	
@depthModel	1403.5	1647.5	1361	1778.5	
@depthModel	1407	1718	1366	1779	
@depthModel	1412	1647	1370.5	1779.5	
@depthModel	1416	1726	1375.5	1780	
@depthModel	1420.5	1726	1380.5	1780.5	
@depthModel	1424.5	1730.5	1385.5	1780.5	
@depthModel	1430.5	1732.5	1390.5	1780.5	
@depthModel	1433.5	1733.5	1396	1781	
@depthModel	1437.5	1735.5	1401	1782	
@depthModel	1442	1737.5	1406	1782.5	
@depthModel	1446.5	1739	1411	1783	
@depthModel	1451	1740.5	1416	1783.5	
@depthModel	1455.5	1742.5	1420.5	1784	
@depthModel	1460	1744	1425.5	1784.5	
@depthModel	1464	1744.5	1430.5	1785	
@depthModel	1469	1745.5	1435.5	1785.5	
@depthModel	1474	1747.5	1440.5	1785.5	
@depthModel	1478.5	1748.5	1446	1786	
@depthModel	1483.5	1749.5	1451	1786	
@depthModel	1487	1750	1456	1786.5	
@depthModel	1491	1754.5	1461	1787	
@depthModel	1495.5	1754.5	1466	1787	
@depthModel	1500	1755.5	1471	1787.5	
@depthModel	1505.5	1758.5	1475.5	1788.5	
@depthModel	1510.5	1759	1480	1789	
@depthModel	1515.5	1761	1485	1789.5	
@depthModel	1519	1765.5	1490	1789.5	
@depthModel	1523.5	1766	1495	1790	
@depthModel	1526.5	1767.5	1500.5	1790.5	
@depthModel	1530.5	1768.5	1505.5	1790.5	
@depthModel	1536	1770	1511	1790.5	
@depthModel	1540.5	1770.5	1516	1791	
@depthModel	1544.5	1771.5	1521	1791	
@depthModel	1547.5	1774.5	1526.5	1791.5	
@depthModel	1552	1775.5	1531.5	1791.5	
@depthModel	1555.5	1777.5	1536.5	1792	
@depthModel	1559.5	1779.5	1542	1792	
@depthModel	1563.5	1781	1546.5	1792.5	
@depthModel	1568.5	1782	1551	1793.5	
@depthModel	1572	1783	1553.5	1794.5	
@depthModel	1576	1785	1556	1795.5	
@depthModel	1581	1785.5	1560.5	1796	
@depthModel	1586	1786	1564.5	1797	
@depthModel	1590.5	1786.5	1568	1797.5	
@depthModel	1594.5	1787.5	1571.5	1798	
@depthModel	1599.5	1788	1576	1798.5	
@depthModel	1603.5	1789	1580.5	1799	
@depthModel	1608.5	1789.5	1585.5	1799	
@depthModel	1613.5	1790	1590.5	1799.5	
@depthModel	1618.5	1790.5	1596.5	1799.5	
@depthModel	1623.5	1791	1602	1799.5	
@depthModel	1628	1791.5	1609	1799.5	
@depthModel	1631.5	1792.5	1614.5	1800	
@depthModel	1635.5	1793.5	1621	1800	
@depthModel	1640.5	1793.5	1626.5	1800	
@depthModel	1644	1794.5	1632.5	1800.5	
@depthModel	1650	1799	1640.5	1810	
@depthModel	1653	1800	1642	1817.5	
@depthModel	1656	1801.5	1644.5	1826	
@depthModel	1657.5	1804.5	1646	1837	
@depthModel	1660.5	1806	1649.5	1843.5	
@depthModel	1663	1807	1652.5	1849.5	
@depthModel	1665	1809.5	1656.5	1853.5	
@depthModel	1667.5	1816.5	1661	1869	
@depthModel	1669	1820.5	1662	1874.5	
@depthModel	1670	1825	1663	1882.5	
@depthModel	1671	1829	1663.5	1892	
@depthModel	1672.5	1832.5	1664	1902.5	
@depthModel	1673.5	1836.5	1664	1914	
@depthModel	1675.5	1839.5	1664.5	1925	
@depthModel	1658.5	1686.5	1649.5	1809	
@depthModel	1660.5	1688	1650.5	1810.5	
@depthModel	1661.5	1801.5	1651.5	1811.5	
@depthModel	1663	1690	1655	1811	
@depthModel	1665	1691.5	1656	1813	
@depthModel	1666	1802.5	1656.5	1814	
@depthModel	1667	1804	1658.5	1814.5	
@depthModel	1668.5	1695.5	1659	1815.5	
@depthModel	1670.5	1697	1661	1816.5	
@depthModel	1671.5	1698.5	1663	1816.5	
@depthModel	1673	1806.5	1664.5	1817.5	
@depthModel	1675	1701.5	1665	1819	
@depthModel	1676	1797.5	1666.5	1819.5	
@depthModel	1677	1799	1668	1820	
@depthModel	1679	1800	1669.5	1821	
@depthModel	1680.5	1802.5	1671	1822.5	
@depthModel	1681.5	1804.5	1672.5	1822.5	
@depthModel	1683	1807	1673.5	1824	
@depthModel	1685.5	1804.5	1674.5	1825	
@depthModel	1686.5	1807	1675.5	1825.5	
@depthModel	1688	1809	1676.5	1827	
@depthModel	1689.5	1809.5	1678	1827.5	
@depthModel	1691	1812.5	1679	1828.5	
@depthModel	1692.5	1812.5	1678.5	1830	
@depthModel	1694.5	1812.5	1680.5	1830	
@depthModel	1696	1814	1682	1830.5	
@depthModel	1697	1815	1682.5	1832.5	
@depthModel	1698.5	1817.5	1684.5	1833	
@depthModel	1700.5	1818	1685	1834	
@depthModel	1702	1818	1685	1835	
@depthModel	1703.5	1818.5	1687	1835.5	
@depthModel	1706	1822.5	1690	1837.5	
@depthModel	1707	1825	1688.5	1839.5	
@depthModel	1708.5	1825.5	1690	1840	
@depthModel	1711	1826.5	1690.5	1840.5	
@depthModel	1712	1827	1695	1842	
@depthModel	1713	1830.5	1694	1843.5	
@depthModel	1715	1831.5	1691.5	1844.5	
@depthModel	1716	1834	1690.5	1845	
@depthModel	1717.5	1834.5	1705	1846	
@depthModel	1719.5	1835.5	1693	1848	
@depthModel	1720.5	1837	1692	1849	
@depthModel	1721	1840.5	1709	1849.5	
@depthModel	1722.5	1841	1690.5	1850.5	
@depthModel	1725	1841	1712.5	1851	
@depthModel	1726	1842.5	1714	1852.5	
@depthModel	1727	1844	1716	1854	
@depthModel	1728.5	1845.5	1717	1855	
@depthModel	1730.5	1846.5	1718	1855.5	
@depthModel	1732	1847	1720.5	1856.5	
@depthModel	1733	1848	1721.5	1858	
@depthModel	1734.5	1850	1723	1859	
@depthModel	1736	1851	1725	1860	
@depthModel	1737.5	1851.5	1726.5	1860.5	
@depthModel	1739.5	1852.5	1728.5	1861	
@depthModel	1740.5	1854	1731	1862	
@depthModel	1741.5	1855.5	1733	1863	
@depthModel	1743.5	1856	1735	1863.5	
@depthModel	1745.5	1857.5	1736	1865	
@depthModel	1746.5	1858.5	1737.5	1865.5	
@depthModel	1747.5	1859.5	1740.5	1865.5	
@depthModel	1749.5	1860.5	1741.5	1867.5	
@depthModel	1751	1862	1743	1868.5	
@depthModel	1752.5	1862.5	1745	1869.5	
@depthModel	1754.5	1863	1745.5	1870.5	
@depthModel	1755.5	1865	1748.5	1870.5	
@depthModel	1757	1865.5	1750.5	1871.5	
@depthModel	1759.5	1866	1751.5	1873.5	
@depthModel	1761	1867.5	1752.5	1874.5	
@depthModel	1761.5	1868.5	1755	1875	
@depthModel	1763	1870	1756	1876	
@depthModel	1765.5	1870.5	1758.5	1876.5	
@depthModel	1766.5	1871.5	1760	1878.5	
@depthModel	1767.5	1873	1761	1880	
@depthModel	1770.5	1873.5	1762.5	1880.5	
@depthModel	1771	1875	1765.5	1880.5	
@depthModel	1772.5	1875.5	1766.5	1882.5	
@depthModel	1774.5	1876.5	1767	1884	
@depthModel	1776	1877.5	1768.5	1885	
@depthModel	1777	1878.5	1770.5	1885.5	
@depthModel	1778.5	1879.5	1773	1886	
@depthModel	1781	1880.5	1774	1888.5	
@depthModel	1782	1881	1775.5	1890	
@depthModel	1784	1882.5	1776.5	1890.5	
@depthModel	1785.5	1883.5	1779	1891	
@depthModel	1786.5	1884	1780.5	1893	
@depthModel	1788.5	1884.5	1781.5	1894	
@depthModel	1790.5	1886	1783.5	1895	
@depthModel	1791.5	1887	1785.5	1896	
@depthModel	1793	1887.5	1787	1897.5	
@depthModel	1795.5	1888	1789	1898.5	
@depthModel	1796.5	1889	1790.5	1900	
@depthModel	1797.5	1890.5	1791.5	1901	
@depthModel	1800	1891	1795	1900.5	
@depthModel	1802	1892	1797	1902.5	
@depthModel	1802.5	1894	1798.5	1904	
@depthModel	1804	1895.5	1800	1905	
@depthModel	1806	1895.5	1801	1905.5	
@depthModel	1806.5	1896.5	1802	1905.5	
@depthModel	1807.5	1898	1804	1906.5	
@depthModel	1808.5	1899.5	1805.5	1908.5	
@depthModel	1811.5	1901.5	1806.5	1910.5	
@depthModel	1812	1902.5	1808	1911	
@depthModel	1813	1904	1810.5	1913.5	
@depthModel	1815.5	1907.5	1811.5	1917.5	