
T(5)	-1.14	1.14	-2.65	2.65	
U(0,4)	3.98986e-17	4	3.98986e-17	4	
General	
s1	
GNS-C4	1645.5	1794.5	1534	1800.5	
GNS-C6	1672.5	1944.5	1666.5		
e1	
U(-2,2)	-2	2	-2	2	
Naturschacht-low	-2	2	-2	2	
s2	
GNS-C7/C8	1670		1665		
K6	1695.5	1916	1686.5	1927	
GNS-C9	1711.5	1905	1701.5	1909.5	
GNS-C10	1672.5	1944	1665.5		
GNS-C11	1702	1908.5	1695	1917.5	
GNS-C12	1699.5	1909.5	1694.5	1917.5	
e2	
U(-2,2)	-2	2	-2	2	
Naturschacht-high	-2	2	-2	2	
	
	
	
	
@General	-220	1525.5	-267	8924	
@	
@	2.684	4	1.96	4	
@Naturschacht-low	-0.829328	1.92667	-1.54533	1.97867	
@s1	1003	1622	998	1711	
@GNS-C4	1648.5	1795	1637.5	1800.5	
@GNS-C6	1665	1848.5	1660.5	1879.5	
@e1	1669	1832.5	1665.5	1929.5	
@Naturschacht-high	-1.972	1.76	-1.976	1.964	
@s2	1662.5	1805	1655.5	1812.5	
@GNS-C7/C8	1665	1805.5	1658	1813.5	
@K6	1708.5	1830.5	1683	1840.5	
@GNS-C9	1768	1875.5	1698.5	1885	
@GNS-C10	1801	1893.5	1706	1905.5	
@GNS-C11	1810.5	1901.5	1710	1911.5	
@GNS-C12	1813.5	1905.5	1712	1917	
@e2	1816	1909.5	1811.5	1920.5	
@depthModel	1008	1628	1004.5	1711.5	
@depthModel	1014	1628	1009	1713	
@depthModel	1020.5	1627.5	1014.5	1715	
@depthModel	1027.5	1627	1020	1717.5	
@depthModel	1034	1619	1025.5	1720	
@depthModel	1040.5	1631	1030.5	1722.5	
@depthModel	1047.5	1620.5	1035.5	1726	
@depthModel	1054.5	1620.5	1040.5	1728	
@depthModel	1061.5	1621	1045.5	1730.5	
@depthModel	1068.5	1620.5	1051	1735.5	
@depthModel	1074.5	1622	1056.5	1733.5	
@depthModel	1080.5	1620	1061.5	1735	
@depthModel	1088	1625	1067	1736.5	
@depthModel	1094.5	1623.5	1072	1737.5	
@depthModel	1100.5	1623.5	1077.5	1738.5	
@depthModel	1109.5	1623.5	1082.5	1740	
@depthModel	1117.5	1624.5	1087.5	1741	
@depthModel	1123.5	1625.5	1093	1741.5	
@depthModel	1130	1625.5	1098.5	1742.5	
@depthModel	1136.5	1626	1104	1743.5	
@depthModel	1142.5	1626.5	1109.5	1744.5	
@depthModel	1150.5	1618.5	1114.5	1745.5	
@depthModel	1161.5	1626.5	1119.5	1746.5	
@depthModel	1167	1624	1124.5	1747.5	
@depthModel	1172.5	1623	1129.5	1748.5	
@depthModel	1180.5	1621.5	1134.5	1749.5	
@depthModel	1190	1611	1139.5	1750	
@depthModel	1196.5	1613.5	1144.5	1750.5	
@depthModel	1201	1614.5	1150	1751.5	
@depthModel	1209.5	1615.5	1154.5	1753	
@depthModel	1215.5	1613.5	1159.5	1754.5	
@depthModel	1221	1616	1165	1755.5	
@depthModel	1228.5	1614	1170	1755.5	
@depthModel	1234	1612.5	1175.5	1755.5	
@depthModel	1248	1612.5	1180	1757	
@depthModel	1252.5	1613.5	1185	1757.5	
@depthModel	1257	1613.5	1190	1759.5	
@depthModel	1263	1614	1195	1760	
@depthModel	1269.5	1615	1200.5	1760.5	
@depthModel	1276	1616	1205.5	1761.5	
@depthModel	1279	1616	1210.5	1763	
@depthModel	1283.5	1617.5	1215.5	1764.5	
@depthModel	1287.5	1618	1220.5	1764.5	
@depthModel	1291	1619	1225.5	1765.5	
@depthModel	1295	1619.5	1230.5	1766	
@depthModel	1299.5	1620	1236	1766	
@depthModel	1304	1620	1241	1766.5	
@depthModel	1309.5	1621	1246	1768	
@depthModel	1314.5	1624	1250.5	1768.5	
@depthModel	1319.5	1624.5	1255.5	1770	
@depthModel	1324	1625.5	1261	1770.5	
@depthModel	1329.5	1626	1266	1770.5	
@depthModel	1335	1627.5	1271.5	1771	
@depthModel	1340	1628.5	1276.5	1771	
@depthModel	1346.5	1721.5	1281.5	1772	
@depthModel	1352.5	1721.5	1286.5	1772.5	
@depthModel	1358	1723.5	1291	1773.5	
@depthModel	1364	1725.5	1296	1774	
@depthModel	1369	1728	1300.5	1774.5	
@depthModel	1374.5	1729.5	1305.5	1775	
@depthModel	1380	1730.5	1310.5	1775.5	
@depthModel	1385.5	1733	1316	1776	
@depthModel	1390.5	1734	1321.5	1776.5	
@depthModel	1395.5	1735	1326.5	1777.5	
@depthModel	1401.5	1736	1331.5	1778	
@depthModel	1406.5	1739	1336	1778.5	
@depthModel	1411.5	1740.5	1341.5	1779	
@depthModel	1417.5	1741	1346	1779.5	
@depthModel	1423	1741.5	1351	1780.5	
@depthModel	1429	1743	1356	1780.5	
@depthModel	1434	1745	1361.5	1780.5	
@depthModel	1439.5	1746.5	1367	1781	
@depthModel	1444	1748	1372	1781	
@depthModel	1449.5	1748.5	1377	1781.5	
@depthModel	1455	1749.5	1382	1781.5	
@depthModel	1459	1751	1387	1782	
@depthModel	1463	1752.5	1392	1782.5	
@depthModel	1467.5	1754.5	1396.5	1783	
@depthModel	1473.5	1755	1401	1784	
@depthModel	1479	1755.5	1405.5	1784.5	
@depthModel	1482.5	1757	1410.5	1785	
@depthModel	1486	1759.5	1415.5	1785.5	
@depthModel	1490	1760.5	1420.5	1785.5	
@depthModel	1494.5	1761	1426	1785.5	
@depthModel	1499.5	1761.5	1431	1786	
@depthModel	1503	1763	1436.5	1786	
@depthModel	1506	1765	1441.5	1786.5	
@depthModel	1510.5	1765.5	1446.5	1787	
@depthModel	1513.5	1766.5	1451.5	1787	
@depthModel	1517.5	1767.5	1456.5	1787.5	
@depthModel	1521.5	1768	1461	1788	
@depthModel	1525.5	1769	1465.5	1789	
@depthModel	1527.5	1770.5	1470	1789.5	
@depthModel	1530.5	1771.5	1475	1789.5	
@depthModel	1533	1772.5	1480	1790	
@depthModel	1535.5	1773.5	1485	1790.5	
@depthModel	1540	1774	1490.5	1790.5	
@depthModel	1542	1775.5	1495.5	1790.5	
@depthModel	1546	1776	1501	1790.5	
@depthModel	1549.5	1776.5	1506	1791	
@depthModel	1551	1778	1511	1791	
@depthModel	1552	1779.5	1516.5	1791	
@depthModel	1555	1780.5	1521.5	1791.5	
@depthModel	1557.5	1781.5	1526.5	1792	
@depthModel	1559.5	1782	1531.5	1792	
@depthModel	1561	1783.5	1536	1792.5	
@depthModel	1562.5	1784.5	1540.5	1793	
@depthModel	1565.5	1785.5	1545.5	1793	
@depthModel	1570.5	1786	1550	1793.5	
@depthModel	1573.5	1787	1555	1793.5	
@depthModel	1577.5	1788	1558	1794.5	
@depthModel	1581.5	1788.5	1560	1795	
@depthModel	1585.5	1789	1563	1795.5	
@depthModel	1590	1789.5	1566.5	1796.5	
@depthModel	1595	1789.5	1571	1797	
@depthModel	1598.5	1790.5	1575.5	1797.5	
@depthModel	1604	1790.5	1580	1798	
@depthModel	1609	1790.5	1584	1798.5	
@depthModel	1613	1791	1588	1798.5	
@depthModel	1617.5	1791.5	1593	1799	
@depthModel	1621.5	1791.5	1598.5	1799	
@depthModel	1626	1792	1604.5	1799.5	
@depthModel	1630.5	1792	1610	1799.5	
@depthModel	1634.5	1792	1616	1799.5	
@depthModel	1638	1792.5	1622	1800	
@depthModel	1641	1793.5	1626.5	1800	
@depthModel	1644.5	1794	1632.5	1800	
@depthModel	1650	1799.5	1640.5	1812.5	
@depthModel	1651.5	1804.5	1642.5	1824	
@depthModel	1653.5	1805	1645.5	1835.5	
@depthModel	1656	1806.5	1647	1845.5	
@depthModel	1657.5	1835	1651	1853.5	
@depthModel	1660.5	1844	1655	1861	
@depthModel	1662.5	1844.5	1657.5	1870	
@depthModel	1665.5	1857.5	1661	1885.5	
@depthModel	1666	1867.5	1662	1890.5	
@depthModel	1666.5	1871	1662.5	1895.5	
@depthModel	1667	1877	1663.5	1901.5	
@depthModel	1667.5	1868.5	1663.5	1909	
@depthModel	1668	1829	1664.5	1915	
@depthModel	1668.5	1830.5	1665.5	1921	
@depthModel	1666	1806	1660.5	1814	
@depthModel	1667.5	1806.5	1661	1814.5	
@depthModel	1669	1807	1661.5	1815	
@depthModel	1670.5	1808	1662	1815.5	
@depthModel	1671.5	1808.5	1664	1816.5	
@depthModel	1672	1810	1665.5	1818	
@depthModel	1674	1810	1666	1819	
@depthModel	1675.5	1811	1666.5	1819.5	
@depthModel	1676.5	1812	1667	1820	
@depthModel	1677.5	1812.5	1667.5	1820.5	
@depthModel	1680	1812	1668.5	1822.5	
@depthModel	1680.5	1814	1669	1824	
@depthModel	1681	1815	1670.5	1824.5	
@depthModel	1682.5	1815.5	1671	1825	
@depthModel	1684.5	1816	1671.5	1825.5	
@depthModel	1685.5	1817.5	1672	1827.5	
@depthModel	1686	1818.5	1672.5	1829	
@depthModel	1688.5	1817.5	1673	1829.5	
@depthModel	1690	1818.5	1673.5	1830	
@depthModel	1691	1820.5	1674.5	1831	
@depthModel	1692	1821.5	1675.5	1832.5	
@depthModel	1695	1821	1676	1834	
@depthModel	1696	1822.5	1676.5	1834.5	
@depthModel	1697	1823	1677	1835	
@depthModel	1698	1824.5	1677.5	1835.5	
@depthModel	1700.5	1826	1678.5	1836.5	
@depthModel	1701.5	1826	1680	1837.5	
@depthModel	1703	1826.5	1680.5	1839	
@depthModel	1704.5	1827.5	1681	1840	
@depthModel	1706	1828.5	1681.5	1840	
@depthModel	1707	1830.5	1682	1840.5	
@depthModel	1710.5	1831	1683.5	1841.5	
@depthModel	1711	1831.5	1684	1842.5	
@depthModel	1712	1831.5	1684.5	1843.5	
@depthModel	1712.5	1831.5	1685.5	1843.5	
@depthModel	1713.5	1833	1685.5	1844.5	
@depthModel	1714.5	1834.5	1685.5	1845	
@depthModel	1716	1835.5	1685.5	1845.5	
@depthModel	1716.5	1835	1686	1846.5	
@depthModel	1717.5	1835.5	1686	1847	
@depthModel	1718.5	1836	1687	1847.5	
@depthModel	1720	1836.5	1687	1848	
@depthModel	1720.5	1838.5	1686.5	1849.5	
@depthModel	1721	1839	1686.5	1850	
@depthModel	1721.5	1840.5	1686.5	1850.5	
@depthModel	1722.5	1841	1687	1851	
@depthModel	1724	1841.5	1687	1852.5	
@depthModel	1725	1842.5	1687	1853.5	
@depthModel	1726	1842.5	1686.5	1854.5	
@depthModel	1726.5	1843.5	1686.5	1855.5	
@depthModel	1727	1844.5	1687	1855.5	
@depthModel	1728	1845.5	1687.5	1855.5	
@depthModel	1729	1846.5	1688	1856	
@depthModel	1730.5	1847	1688	1858	
@depthModel	1731	1847.5	1688	1859.5	
@depthModel	1731.5	1848.5	1688	1860	
@depthModel	1732	1849.5	1689	1859.5	
@depthModel	1733	1850.5	1689	1860	
@depthModel	1735	1850.5	1689	1861.5	
@depthModel	1735.5	1852	1689.5	1862	
@depthModel	1736	1853	1690	1862	
@depthModel	1736.5	1853.5	1690.5	1863	
@depthModel	1737	1854	1690	1864.5	
@depthModel	1739	1854	1690	1865.5	
@depthModel	1740	1855	1690.5	1865.5	
@depthModel	1741	1856	1691	1866	
@depthModel	1741.5	1857	1691.5	1866	
@depthModel	1742	1858	1692	1866.5	
@depthModel	1743	1858	1692.5	1867	
@depthModel	1744.5	1859	1693	1867.5	
@depthModel	1745	1860	1693	1869	
@depthModel	1745.5	1860.5	1692.5	1870	
@depthModel	1746.5	1861	1693	1870.5	
@depthModel	1747.5	1861.5	1693.5	1870.5	
@depthModel	1749	1862	1694	1870.5	
@depthModel	1750	1863.5	1694	1871.5	
@depthModel	1750	1864.5	1694.5	1872.5	
@depthModel	1750.5	1865.5	1695	1873	
@depthModel	1752	1865.5	1695	1873.5	
@depthModel	1753.5	1865.5	1695.5	1874	
@depthModel	1755	1866.5	1695	1875	
@depthModel	1755.5	1868	1695.5	1875.5	
@depthModel	1756	1868.5	1696	1876	
@depthModel	1757	1869	1697	1876	
@depthModel	1758.5	1869	1696.5	1877.5	
@depthModel	1760	1869.5	1695.5	1879	
@depthModel	1760.5	1870.5	1695.5	1880	
@depthModel	1761.5	1871	1696	1880	
@depthModel	1762	1872	1697.5	1880	
@depthModel	1763.5	1872.5	1698	1880.5	
@depthModel	1765	1873	1697.5	1882	
@depthModel	1765.5	1874	1697.5	1883	
@depthModel	1766	1874.5	1698.5	1883	
@depthModel	1767	1875	1699	1883.5	
@depthModel	1770	1876	1698	1885.5	
@depthModel	1770.5	1877	1699	1886	
@depthModel	1771.5	1877.5	1700.5	1886	
@depthModel	1772	1878	1700.5	1887	
@depthModel	1773	1879	1700.5	1888	
@depthModel	1775	1879.5	1699.5	1889	
@depthModel	1775.5	1880	1700	1890	
@depthModel	1776	1880.5	1700.5	1890	
@depthModel	1777	1881	1701	1890.5	
@depthModel	1778.5	1881.5	1701.5	1891	
@depthModel	1780.5	1882.5	1702	1892	
@depthModel	1781	1883.5	1702.5	1892.5	
@depthModel	1781.5	1884	1703.5	1892.5	
@depthModel	1782	1884.5	1704	1893.5	
@depthModel	1783	1885	1702	1895	
@depthModel	1785	1885.5	1703	1895	
@depthModel	1786	1886	1704	1895	
@depthModel	1786.5	1885.5	1705	1895.5	
@depthModel	1788	1886	1704.5	1896.5	
@depthModel	1789.5	1886.5	1705	1897	
@depthModel	1790.5	1888.5	1705.5	1898	
@depthModel	1791	1889.5	1706	1898.5	
@depthModel	1791.5	1889.5	1704	1900	
@depthModel	1792.5	1889.5	1704.5	1900.5	
@depthModel	1794.5	1889.5	1705.5	1900.5	
@depthModel	1795.5	1890.5	1707	1901	
@depthModel	1796	1890.5	1705.5	1902.5	
@depthModel	1797	1892	1705.5	1903.5	
@depthModel	1797.5	1892.5	1706	1904	
@depthModel	1799.5	1892.5	1706.5	1904.5	
@depthModel	1800.5	1893.5	1706	1905	
@depthModel	1802	1894.5	1707	1906	
@depthModel	1802.5	1896	1707	1907.5	
@depthModel	1805	1896	1708.5	1908	
@depthModel	1806	1897.5	1707	1910	
@depthModel	1806.5	1898.5	1708.5	1910	
@depthModel	1807	1899.5	1709	1910	
@depthModel	1808.5	1900.5	1707.5	1912	
@depthModel	1811	1902.5	1806.5	1913	
@depthModel	1811.5	1904	1713	1914.5	
@depthModel	1812.5	1905	1712	1915.5	
@depthModel	1815.5	1907.5	1811	1918.5	