
T(5)	-1.14	1.14	-2.65	2.65	
U(0,4)	3.98986e-17	4	3.98986e-17	4	
General	
start	
GE-C06	1277	1377	1269	1388	
GU3/GE-C07	1175.5	1218.5	1054.5	1256	
GE-C08/GU5/GU4	1274.5	1285	1270.5	1293	
GE-C09	1300	1394	1290.5	1400	
GE-C10	1313	1398.5	1300.5	1408.5	
GE-C11	1422	1440.5	1411.5	1447	
GE-C12	1695.5	1916.5	1681	1940.5	
GE-C13	993.5	1113	991	1152	
GE-C14	1522	1638	1500	1644.5	
GE-C15	1528	1656.5	1518	1794.5	
end	
U(-2,2)	-2	2	-2	2	
guffert_t	-2	2	-2	2	
	
	
@General	-556.5	373	-601.5	461	
@	
@	2.3	2.748	2.032	3.096	
@guffert_t	-1.984	-1.232	-2.02	-0.02	
@start	1085.5	1174	1026	1237.5	
@GE-C06	1111.5	1187.5	1058.5	1245	
@GU3/GE-C07	1187	1225.5	1170.5	1260.5	
@GE-C08/GU5/GU4	1274	1285	1269.5	1292.5	
@GE-C09	1309	1359.5	1297	1382	
@GE-C10	1353	1405.5	1331.5	1411.5	
@GE-C11	1415.5	1436	1363.5	1449	
@GE-C12	1475.5	1534	1438.5	1566.5	
@GE-C13	1502	1570	1465.5	1604	
@GE-C14	1522.5	1635	1508.5	1640	
@GE-C15	1627.5	1663	1526.5	1792	
@end	1557	1688.5	1531	1720	
@depthModel	1089.5	1175	1029.5	1238.5	
@depthModel	1092.5	1177	1032.5	1239.5	
@depthModel	1095.5	1178.5	1036	1240.5	
@depthModel	1098.5	1180.5	1043	1241	
@depthModel	1102	1182	1048	1242	
@depthModel	1105	1184	1051.5	1243	
@depthModel	1109	1185.5	1055	1244	
@depthModel	1114	1189	1061.5	1245.5	
@depthModel	1116	1191	1067	1246	
@depthModel	1120	1190.5	1071	1246.5	
@depthModel	1121.5	1193.5	1074	1247	
@depthModel	1124.5	1194.5	1077	1248	
@depthModel	1126.5	1196.5	1079.5	1248.5	
@depthModel	1130	1196.5	1082	1249.5	
@depthModel	1131	1200	1085	1250	
@depthModel	1134.5	1200	1088.5	1250.5	
@depthModel	1137	1201.5	1093	1250.5	
@depthModel	1140	1202.5	1096.5	1251	
@depthModel	1140.5	1205.5	1100	1252	
@depthModel	1145	1205.5	1103	1252.5	
@depthModel	1147	1207	1106	1253.5	
@depthModel	1149.5	1208	1108.5	1254	
@depthModel	1150.5	1210.5	1111.5	1254.5	
@depthModel	1154.5	1210.5	1115	1255	
@depthModel	1157	1211.5	1119.5	1255.5	
@depthModel	1159.5	1212.5	1124.5	1255.5	
@depthModel	1160.5	1214.5	1127.5	1256	
@depthModel	1163	1215	1131.5	1256.5	
@depthModel	1166	1216	1135	1257.5	
@depthModel	1169	1217	1138.5	1258	
@depthModel	1170.5	1218.5	1141.5	1258.5	
@depthModel	1172	1219.5	1145	1259	
@depthModel	1174	1220	1148.5	1259.5	
@depthModel	1177	1221	1152.5	1260	
@depthModel	1180.5	1221.5	1156	1260.5	
@depthModel	1181.5	1223	1160	1260	
@depthModel	1183	1224	1164	1260	
@depthModel	1183.5	1225	1166.5	1260.5	
@depthModel	1191.5	1232.5	1174.5	1263	
@depthModel	1196.5	1239.5	1177	1266	
@depthModel	1203.5	1250.5	1180	1269.5	
@depthModel	1210	1251	1185.5	1272	
@depthModel	1215.5	1255.5	1189.5	1275.5	
@depthModel	1220.5	1260.5	1194.5	1278.5	
@depthModel	1225.5	1265.5	1199	1280.5	
@depthModel	1230.5	1270.5	1204.5	1283	
@depthModel	1237.5	1273	1209	1284.5	
@depthModel	1245	1275.5	1214.5	1285.5	
@depthModel	1249	1278.5	1221.5	1287.5	
@depthModel	1255.5	1280.5	1225.5	1289.5	
@depthModel	1261	1282	1234.5	1290.5	
@depthModel	1265	1284	1243	1293	
@depthModel	1269.5	1285	1253.5	1294.5	
@depthModel	1275	1289.5	1269	1302.5	
@depthModel	1276	1294	1270.5	1312.5	
@depthModel	1277	1297.5	1271	1322	
@depthModel	1279	1300.5	1271.5	1327.5	
@depthModel	1280.5	1305.5	1273	1332	
@depthModel	1282	1311	1275	1337	
@depthModel	1284.5	1314.5	1276	1345.5	
@depthModel	1286	1320.5	1277	1349	
@depthModel	1289.5	1324	1279	1352	
@depthModel	1291	1330.5	1280.5	1359	
@depthModel	1295	1333	1283	1361.5	
@depthModel	1297	1339	1285	1365.5	
@depthModel	1300.5	1341.5	1287.5	1369.5	
@depthModel	1302.5	1347.5	1290.5	1373.5	
@depthModel	1305.5	1351	1293.5	1376.5	
@depthModel	1313	1361	1299.5	1382.5	
@depthModel	1315.5	1364	1301	1386.5	
@depthModel	1318.5	1366.5	1302.5	1388	
@depthModel	1320.5	1370.5	1305	1390	
@depthModel	1324	1373.5	1306.5	1392	
@depthModel	1328	1377	1308	1394.5	
@depthModel	1331.5	1381	1311	1396	
@depthModel	1335	1385	1312.5	1398.5	
@depthModel	1339	1388.5	1314.5	1400	
@depthModel	1345	1391	1317.5	1401.5	
@depthModel	1346	1394	1319.5	1403.5	
@depthModel	1349	1396.5	1320.5	1405.5	
@depthModel	1349	1399	1325.5	1406	
@depthModel	1350	1401.5	1326.5	1408.5	
@depthModel	1350.5	1404	1326.5	1410	
@depthModel	1357	1408	1333.5	1415.5	
@depthModel	1359	1410.5	1335	1420	
@depthModel	1363	1413.5	1338.5	1423	
@depthModel	1379	1416.5	1341	1426	
@depthModel	1379.5	1420	1343.5	1428.5	
@depthModel	1385	1421	1346	1431	
@depthModel	1386.5	1423.5	1349.5	1433	
@depthModel	1390	1425.5	1350.5	1435.5	
@depthModel	1393.5	1426.5	1355.5	1436	
@depthModel	1395.5	1429	1358	1438	
@depthModel	1399	1430	1359	1439.5	
@depthModel	1402.5	1431.5	1360.5	1441.5	
@depthModel	1405.5	1433	1362	1443.5	
@depthModel	1408.5	1434	1361.5	1445	
@depthModel	1410.5	1435.5	1365	1446	
@depthModel	1415	1439.5	1366	1454	
@depthModel	1417	1441.5	1368	1460	
@depthModel	1418	1445	1370.5	1465.5	
@depthModel	1420	1447	1373	1470.5	
@depthModel	1421	1451	1375	1475.5	
@depthModel	1422.5	1454	1377.5	1480	
@depthModel	1425	1455.5	1380	1484.5	
@depthModel	1425.5	1460.5	1383	1488.5	
@depthModel	1427	1463.5	1385.5	1492	
@depthModel	1429.5	1465	1387.5	1496	
@depthModel	1430.5	1469.5	1390.5	1500	
@depthModel	1432.5	1471.5	1393.5	1503.5	
@depthModel	1434.5	1474.5	1396	1507.5	
@depthModel	1436	1478	1399	1510.5	
@depthModel	1438.5	1480.5	1403	1514.5	
@depthModel	1440	1484	1412	1518.5	
@depthModel	1442.5	1487	1415	1522	
@depthModel	1444.5	1490	1416.5	1525.5	
@depthModel	1446	1494	1417.5	1529.5	
@depthModel	1449.5	1495.5	1421	1533	
@depthModel	1450.5	1500.5	1424.5	1536	
@depthModel	1454	1502	1425.5	1540.5	
@depthModel	1455.5	1505.5	1426	1543.5	
@depthModel	1457.5	1509.5	1427.5	1546	
@depthModel	1460.5	1511.5	1429.5	1548	
@depthModel	1462	1515.5	1430	1550.5	
@depthModel	1465	1518	1430.5	1555	
@depthModel	1467	1521	1432	1557	
@depthModel	1469	1524.5	1434	1558	
@depthModel	1471.5	1527.5	1435.5	1560.5	
@depthModel	1474	1530	1436.5	1565	
@depthModel	1478	1535.5	1440	1569.5	
@depthModel	1479.5	1538	1441.5	1572	
@depthModel	1481	1540.5	1443.5	1573.5	
@depthModel	1483.5	1542.5	1445.5	1576	
@depthModel	1485	1545	1446	1579.5	
@depthModel	1486.5	1547.5	1448.5	1580.5	
@depthModel	1487.5	1550	1450.5	1583	
@depthModel	1490.5	1551.5	1451	1586	
@depthModel	1490.5	1555	1453	1587.5	
@depthModel	1494	1556	1455	1590	
@depthModel	1495	1559	1456.5	1592.5	
@depthModel	1496.5	1561	1458	1594	
@depthModel	1498	1563.5	1460.5	1596.5	
@depthModel	1500	1565.5	1461	1600	
@depthModel	1502	1567.5	1463.5	1600.5	
@depthModel	1505.5	1572.5	1468	1606	
@depthModel	1506	1575.5	1470.5	1610	
@depthModel	1509	1578	1473.5	1611.5	
@depthModel	1510.5	1580.5	1475.5	1615.5	
@depthModel	1512.5	1583	1479.5	1616.5	
@depthModel	1514	1585.5	1481	1620.5	
@depthModel	1515.5	1587.5	1485	1621.5	
@depthModel	1515.5	1590	1486.5	1625.5	
@depthModel	1517	1592	1490.5	1626.5	
@depthModel	1516.5	1595	1492	1629.5	
@depthModel	1518	1615.5	1495.5	1630.5	
@depthModel	1519.5	1621	1498.5	1633	
@depthModel	1520	1625.5	1500	1635	
@depthModel	1520.5	1629	1505.5	1636	
@depthModel	1522	1631.5	1507	1638.5	
@depthModel	1524	1636	1511	1641.5	
@depthModel	1525.5	1637.5	1511	1644	
@depthModel	1526.5	1639	1512	1646	
@depthModel	1529	1640.5	1513.5	1648	
@depthModel	1580	1642.5	1514	1650	
@depthModel	1530.5	1644	1516	1651.5	
@depthModel	1535.5	1646	1517	1653	
@depthModel	1534	1648	1517	1655.5	
@depthModel	1536	1650	1520	1655.5	
@depthModel	1600	1652	1521	1658	
@depthModel	1541.5	1654	1521	1660	
@depthModel	1544	1655.5	1523	1660.5	
@depthModel	1545	1658	1523.5	1663.5	
@depthModel	1546.5	1659.5	1523.5	1665	
@depthModel	1622	1661	1525.5	1667	
@depthModel	1549.5	1665.5	1526.5	1795.5	
@depthModel	1550	1669	1526.5	1798	
@depthModel	1550.5	1672	1528	1800.5	
@depthModel	1550.5	1675.5	1528.5	1802	
@depthModel	1550.5	1679.5	1529	1706	
@depthModel	1554.5	1682	1530	1710.5	
@depthModel	1555	1685	1530.5	1715.5	