
T(5)	-1.14	1.14	-2.65	2.65	
U(0,4)	3.98986e-17	4	3.98986e-17	4	
General	
bottom	
EG-1	-3522	-3376.5	-3622	-3370.5	
EE-C1	-2846.5	-2577.5	-2869	-2497.5	
EE-C2	248	348.5	240	383	
EE-C3	901	1020.5	894.5	1024.5	
top	
U(-2,2)	-2	2	-2	2	
Eiszungendom	-2	2	-2	2	
EE-C4	1702	1908.5	1694.5	1917.5	
	
	
@General	410	2927.5	-540	4644.5	
@	
@	2.072	3.316	1.976	3.568	
@Eiszungendom	-1.91424	1.96576	-1.91424	1.96576	
@bottom	-8477	-5342.5	-8477	-3678	
@EG-1	-8077	-3010	-8336.5	-2762	
@EE-C1	-2912	-2622	-3409	-2495.5	
@EE-C2	-2270.5	-1595	-2701	-1213	
@EE-C3	-1755.5	-871	-2207	-268.5	
@top	5484	5988	4118.5	5988	
@EE-C4	1703.5	1958.5	1695	1963	
@depthModel	-3520	-2874.5	-5839.5	-2600	
@depthModel	-2864	-2484	-3329.5	-2351	
@depthModel	-2824.5	-2358	-3273	-2143	
@depthModel	-2749	-2222.5	-3190.5	-1966.5	
@depthModel	-2676.5	-2085	-3116.5	-1774.5	
@depthModel	-2566.5	-1962	-3009	-1638	
@depthModel	-2465	-1835	-2915.5	-1498.5	
@depthModel	-2359.5	-1715	-2809.5	-1350	
@depthModel	-2205.5	-1507.5	-2656	-1080.5	
@depthModel	-2147.5	-1410.5	-2602	-950.5	
@depthModel	-2087	-1320	-2540	-829	
@depthModel	-2028.5	-1226	-2472.5	-700	
@depthModel	-1956.5	-1139	-2405.5	-596.5	
@depthModel	-1892	-1049.5	-2338.5	-483.5	
@depthModel	-1816	-962.5	-2271.5	-374	
@depthModel	-1694	-813	-2158	-211.5	
@depthModel	-1648	-757	-2110	-145	
@depthModel	-1604.5	-701.5	-2071.5	-91.5	
@depthModel	-1562	-643	-2035	-22	
@depthModel	-1512	-585.5	-1983.5	50	
@depthModel	-1474	-527.5	-1949	118	
@depthModel	-1430	-475.5	-1915	181.5	
@depthModel	-1391	-413.5	-1882.5	260	
@depthModel	-1346.5	-354	-1840.5	320.5	
@depthModel	-1305.5	-294.5	-1803.5	379.5	
@depthModel	-1246	-231	-1763.5	445	
@depthModel	-1205.5	-165.5	-1729.5	517.5	
@depthModel	-1158.5	-106	-1688	588.5	
@depthModel	-1117.5	-49.5	-1658	657	
@depthModel	-1065	19.5	-1626	723	
@depthModel	-1020.5	91	-1597.5	795.5	
@depthModel	-973	138	-1553	846	
@depthModel	-922.5	202	-1516.5	894.5	
@depthModel	-874	256.5	-1471	962.5	
@depthModel	-829.5	314.5	-1436	1029.5	
@depthModel	-768.5	376.5	-1400.5	1083	
@depthModel	-721	440.5	-1356.5	1160.5	
@depthModel	-671.5	498	-1321	1225.5	
@depthModel	-627	553	-1289.5	1296.5	
@depthModel	-568	616	-1255	1348	
@depthModel	-518	677.5	-1205.5	1403.5	
@depthModel	-471.5	736.5	-1163	1468	
@depthModel	-421	802	-1136	1547.5	
@depthModel	-363	861	-1088.5	1612.5	
@depthModel	-324.5	917.5	-1074.5	1690	
@depthModel	-269.5	975.5	-1034.5	1742.5	
@depthModel	-225.5	1030.5	-1009	1825	
@depthModel	-171.5	1092.5	-961.5	1852	
@depthModel	-123.5	1149	-903.5	1909.5	
@depthModel	-59	1200.5	-847.5	1967.5	
@depthModel	-3	1262.5	-819	2030	
@depthModel	45.5	1320.5	-760.5	2100.5	
@depthModel	99.5	1389	-706.5	2146.5	
@depthModel	147.5	1433	-676.5	2207.5	
@depthModel	211	1495	-636	2268.5	
@depthModel	258	1548.5	-593.5	2297.5	
@depthModel	302	1605.5	-541	2376.5	
@depthModel	364.5	1657	-511.5	2423.5	
@depthModel	419.5	1726	-464.5	2489	
@depthModel	470.5	1779	-415.5	2535	
@depthModel	532.5	1836	-389	2612	
@depthModel	585	1900.5	-336	2651.5	
@depthModel	637	1952	-317.5	2730.5	
@depthModel	687.5	2006	-252.5	2783	
@depthModel	745.5	2055.5	-192	2838	
@depthModel	802	2114	-154.5	2885.5	
@depthModel	855	2170.5	-110.5	2949	
@depthModel	910.5	2229	-60.5	2997	
@depthModel	964	2279.5	-12	3062.5	
@depthModel	1017	2326	19	3125.5	
@depthModel	1078	2390.5	56	3182.5	
@depthModel	1130	2438	117.5	3251.5	
@depthModel	1183.5	2490	148.5	3299	
@depthModel	1236.5	2546.5	202.5	3362.5	
@depthModel	1291	2608	236	3411.5	
@depthModel	1354.5	2650.5	256.5	3457	
@depthModel	1400.5	2710.5	328	3536	
@depthModel	1444	2762.5	363.5	3584	
@depthModel	1507	2820	410.5	3658.5	
@depthModel	1567	2873	462	3709	
@depthModel	1615.5	2921.5	534	3758.5	
@depthModel	1680.5	2990	588.5	3789	
@depthModel	1728.5	3043.5	639.5	3851.5	
@depthModel	1780	3094	695	3908.5	
@depthModel	1842	3157.5	733	3945	
@depthModel	1895	3201	792	4001.5	
@depthModel	1944	3271	833.5	4042.5	
@depthModel	2005.5	3327	909	4111	
@depthModel	2064	3369.5	955.5	4137	
@depthModel	2113.5	3423.5	1012	4198	
@depthModel	2166.5	3477.5	1076.5	4242.5	
@depthModel	2225	3537	1128	4304.5	
@depthModel	2276.5	3606	1163	4355	
@depthModel	2340.5	3651	1211	4413.5	
@depthModel	2388	3710.5	1260	4472	
@depthModel	2450.5	3772	1316	4506.5	
@depthModel	2510	3815.5	1388	4548.5	
@depthModel	2558.5	3865	1445	4596	
@depthModel	2615.5	3916	1482.5	4631	
@depthModel	2691.5	3981.5	1545	4683.5	
@depthModel	2739	4031	1612	4730	
@depthModel	2794	4082	1657.5	4785	
@depthModel	2841.5	4138	1703.5	4835	
@depthModel	2908.5	4189	1773.5	4880.5	
@depthModel	2969	4239	1827	4918	
@depthModel	3026.5	4295.5	1873.5	4972	
@depthModel	3090.5	4346	1923	5015	
@depthModel	3143.5	4393	1986.5	5067.5	
@depthModel	3202.5	4450.5	2024.5	5116.5	
@depthModel	3260.5	4507	2063	5173	
@depthModel	3315.5	4563	2125.5	5228	
@depthModel	3381	4606.5	2178.5	5259	
@depthModel	3429.5	4656	2243.5	5294	
@depthModel	3499	4710.5	2319	5323.5	
@depthModel	3566	4762	2394	5369.5	
@depthModel	3633.5	4818.5	2448	5399	
@depthModel	3688.5	4867	2517.5	5445.5	
@depthModel	3753.5	4916.5	2565.5	5478	
@depthModel	3813	4971.5	2649	5519	
@depthModel	3882	5018	2703.5	5545.5	
@depthModel	3952.5	5072	2764.5	5590.5	
@depthModel	4012.5	5119.5	2826	5616.5	
@depthModel	4067.5	5174	2900.5	5652	
@depthModel	4141.5	5221.5	2963.5	5685.5	
@depthModel	4195.5	5267.5	3009	5727	
@depthModel	4264.5	5321.5	3062.5	5756.5	
@depthModel	4323	5372.5	3130.5	5810	
@depthModel	4394.5	5419	3200	5823	
@depthModel	4462	5461.5	3275	5846	
@depthModel	4536	5510.5	3338.5	5856.5	
@depthModel	4601.5	5560.5	3417	5881	
@depthModel	4679.5	5601	3458	5895	
@depthModel	4737	5648	3520.5	5911	
@depthModel	4820	5694	3577	5930.5	
@depthModel	4889	5741.5	3666.5	5952.5	
@depthModel	4969	5781	3716	5958	
@depthModel	5044.5	5820.5	3774	5964	
@depthModel	5120.5	5856	3818.5	5970.5	
@depthModel	5198	5896	3872.5	5978.5	
@depthModel	5270	5924.5	3950.5	5981.5	
@depthModel	5347	5955.5	3993	5984	
@depthModel	5423	5975.5	4040	5988	