
bottom	
EE-C5	-343	-115.5	-349.5	-53	
EE-C6	-105	1.5	-163	8.5	
EE-C7	382.5	530.5	264.5	537.5	
I	
EE-C17	555.5	605	544	642.5	
II	
EE-C18	891	976	775	994.5	
EE-C19	784.5	878	772.5	888	
EE-C20	995.5	1026	978.5	1040.5	
III	
U(-2,2)	-2	2	-2	2	
eislawinnen_left	-2	2	-2	2	
bottom	
EG-3	-41	16	-86.5	65	
EG-4	123.5	203.5	77.5	219	
I	
II	
C-8	780.5	883	709.5	941.5	
C-9	994.5	1029.5	902	1150.5	
III	
C-11	1230.5	1275.5	1225.5	1278	
C-13/C-12	1285.5	1378	1280	1385.5	
C-14	1320.5	1401	1303	1410	
C-15	1514	1635.5	1491	1641.5	
C16	1498.5	1631.5	1480	1636	
top	
U(-2,2)	-2	2	-2	2	
eislawinnen_right	-2	2	-2	2	
	
	
	
	
	
	
	
	
	
	
	
	
	
	