
T(5)	-1.14	1.14	-2.65	2.65	
U(0,4)	3.98986e-17	4	3.98986e-17	4	
General	
bottom	
EE-C5	-343	-115.5	-349.5	-53	
EE-C7	382.5	530.5	264.5	537.5	
I	
EE-C17	555.5	605	544	642.5	
II	
EE-C19	784.5	878	772.5	888	
EE-C20	995.5	1026	978.5	1040.5	
III	
U(-2,2)	-2	2	-2	2	
SLS-left	-2	2	-2	2	
bottom	
EG-3	-41	16	-86.5	65	
EG-4	123.5	203.5	77.5	219	
I	
II	
EE-C8	780.5	883	709.5	941.5	
EE-C9	994.5	1029.5	902	1150.5	
III	
EE-C11	1230.5	1275.5	1225.5	1278	
EE-C13/EE-C12	1285.5	1378	1280	1385.5	
EE-C14	1320.5	1401	1303	1410	
EE-C15	1514	1635.5	1491	1641.5	
EE-C16	1498.5	1631.5	1480	1636	
top	
U(-2,2)	-2	2	-2	2	
SLS-right	-2	2	-2	2	
EE-C10	893	976	776	994.5	
EE-C18	891	976	775	994.5	
EE-C6	-105	1.5	-163	8.5	
	
	
	
	
	
	
	
	
	
	
	
	
	
	
@General	-205	34.5	-365.5	119.5	
@	
@	0.572	2.896	5.37764e-17	3.628	
@SLS-left	-1.57021	1.96179	-1.68221	1.97779	
@bottom	-125.5	8	-169.5	60	
@EE-C5	-119	26	-155	80	
@EE-C7	360	424	265.5	475.5	
@I	553.5	603.5	538	640	
@EE-C17	561	606.5	548	641	
@II	588	684.5	565.5	750.5	
@EE-C19	789.5	855.5	779.5	880.5	
@EE-C20	1000	1028.5	985.5	1093	
@III	1086	1163	1055.5	1240.5	
@SLS-right	-1.62206	-1.35406	-1.62206	-1.07406	
@=bottom	-125.5	8	-169.5	60	
@EG-3	-89	10	-100	64	
@EG-4	124.5	199.5	81.5	217.5	
@=I	553.5	603.5	538	640	
@=II	588	684.5	565.5	750.5	
@EE-C8	822	890.5	775	956	
@EE-C9	993.5	1124	986.5	1155	
@=III	1086	1163	1055.5	1240.5	
@EE-C11	1232.5	1274.5	1226.5	1277.5	
@EE-C13/EE-C12	1284	1297	1277	1305	
@EE-C14	1386	1409	1345	1423	
@EE-C15	1503.5	1558	1480.5	1584.5	
@EE-C16	1569.5	1631.5	1518.5	1640	
@top	1570	1633	1517.5	1644	
@EE-C10	893	975.5	777.5	994.5	
@EE-C18	891	975.5	775.5	994.5	
@EE-C6	-106	1.5	-162	8.5	
@depthModel	-102	40	-136.5	91	
@depthModel	-74.5	51	-126.5	102.5	
@depthModel	-66	59.5	-118	114.5	
@depthModel	-56.5	70.5	-105.5	126	
@depthModel	-38.5	82	-95	140.5	
@depthModel	-20.5	93.5	-84.5	154.5	
@depthModel	-5	107	-71.5	167	
@depthModel	10	120.5	-64	180.5	
@depthModel	24	134.5	-52.5	192.5	
@depthModel	38.5	147.5	-42	206.5	
@depthModel	53	160.5	-30	221.5	
@depthModel	66.5	174	-19.5	238	
@depthModel	82	186.5	-6	253.5	
@depthModel	95.5	200.5	8.5	269.5	
@depthModel	111	213	23	285	
@depthModel	125.5	225.5	37.5	301	
@depthModel	140.5	238	53.5	315	
@depthModel	155	250	70	329.5	
@depthModel	170	262	87	343.5	
@depthModel	183.5	274.5	105	356	
@depthModel	198	287	121	370	
@depthModel	211.5	300	139	380.5	
@depthModel	226	312	156.5	392.5	
@depthModel	240.5	324	174.5	403.5	
@depthModel	255	335	191.5	411	
@depthModel	270	346	207	417.5	
@depthModel	284	358.5	221	425.5	
@depthModel	298	371.5	228.5	433.5	
@depthModel	313	383.5	238.5	440.5	
@depthModel	328.5	396	292	469	
@depthModel	346	411	314.5	472.5	
@depthModel	375	431	345	482.5	
@depthModel	385.5	441	355.5	495.5	
@depthModel	395.5	453.5	368	511.5	
@depthModel	407.5	466	380.5	524.5	
@depthModel	420	477	391.5	535	
@depthModel	431.5	491.5	402.5	544.5	
@depthModel	445	503.5	413.5	553	
@depthModel	457.5	517.5	422.5	562.5	
@depthModel	470.5	530.5	435.5	571.5	
@depthModel	484	542	448	581.5	
@depthModel	496.5	556	461	590.5	
@depthModel	510	566	473.5	600	
@depthModel	521	580	488.5	610	
@depthModel	531.5	589	505.5	621	
@depthModel	541	596	522	631	
@depthModel	557	631	543.5	640.5	
@depthModel	562	608.5	549.5	643	
@depthModel	563.5	635.5	550	645	
@depthModel	565.5	612.5	552	647	
@depthModel	566	637	551.5	650	
@depthModel	568.5	618	554	651	
@depthModel	570	620.5	554	654	
@depthModel	571.5	625	555.5	656	
@depthModel	574	628.5	555	660	
@depthModel	576.5	635	555.5	662.5	
@depthModel	578.5	636	556	666	
@depthModel	580	638	556	670	
@depthModel	581	641	557.5	672.5	
@depthModel	581.5	643.5	558	675.5	
@depthModel	582.5	645.5	558.5	678.5	
@depthModel	583.5	647	559.5	681.5	
@depthModel	584	649	560	685.5	
@depthModel	585	650.5	560	690	
@depthModel	585	652.5	560	694	
@depthModel	585	655	561	698	
@depthModel	585.5	656.5	561	702	
@depthModel	585.5	659.5	561.5	706	
@depthModel	586	661.5	562	710	
@depthModel	585.5	665	562.5	713.5	
@depthModel	586	666.5	562.5	717.5	
@depthModel	586	669.5	563.5	721	
@depthModel	586.5	671.5	563.5	725	
@depthModel	586.5	674	564	728.5	
@depthModel	587	676	564.5	732.5	
@depthModel	587	678	565	736.5	
@depthModel	587.5	680	565.5	740.5	
@depthModel	588	682	565.5	745.5	
@depthModel	600.5	695.5	576.5	761	
@depthModel	613.5	707.5	588.5	770	
@depthModel	625.5	720.5	600	780	
@depthModel	639	730	611.5	791	
@depthModel	651.5	743	624	800	
@depthModel	665	752.5	635.5	810.5	
@depthModel	678	764	649	818.5	
@depthModel	691	776	661.5	828	
@depthModel	704.5	785	675.5	835.5	
@depthModel	716.5	796.5	689.5	843.5	
@depthModel	730.5	805.5	704	850.5	
@depthModel	742.5	816.5	718.5	858.5	
@depthModel	756	826.5	734	865	
@depthModel	768.5	835	749.5	870.5	
@depthModel	780	843.5	765.5	875.5	
@depthModel	806.5	868	786.5	893	
@depthModel	820	879.5	794.5	908	
@depthModel	832	890.5	803	923.5	
@depthModel	845.5	900.5	812.5	939	
@depthModel	857.5	913	824.5	952.5	
@depthModel	870.5	924.5	836	966.5	
@depthModel	883.5	935	848	980	
@depthModel	896	946.5	860.5	993.5	
@depthModel	910	956	874.5	1003.5	
@depthModel	922	968	886.5	1014.5	
@depthModel	935	979	900	1022.5	
@depthModel	948	989.5	910.5	1030.5	
@depthModel	961	1000.5	920.5	1050.5	
@depthModel	975	1010	936.5	1066	
@depthModel	989	1020	957.5	1080.5	
@depthModel	1009.5	1044.5	990.5	1114.5	
@depthModel	1019.5	1060.5	995.5	1126.5	
@depthModel	1030	1077.5	1001	1142	
@depthModel	1040.5	1095.5	1007.5	1162.5	
@depthModel	1052	1112.5	1016.5	1183	
@depthModel	1064	1129	1026.5	1201	
@depthModel	1075.5	1146	1043	1223.5	
@depthModel	-83	23	-94.5	72.5	
@depthModel	-45	39.5	-90	83.5	
@depthModel	-38.5	51	-84.5	95.5	
@depthModel	-29	62	-78	109.5	
@depthModel	-18.5	75.5	-66.5	122	
@depthModel	-7	87.5	-54	136	
@depthModel	5	100	-41	147.5	
@depthModel	17.5	112.5	-29.5	159	
@depthModel	30.5	125	-16.5	168.5	
@depthModel	44.5	135.5	-3	177.5	
@depthModel	57	147.5	11	186	
@depthModel	70.5	158.5	24.5	195	
@depthModel	84	169	41	201.5	
@depthModel	102	184	56.5	207.5	
@depthModel	116	191.5	73	211.5	
@depthModel	130.5	203	84	229.5	
@depthModel	133.5	210	86	241.5	
@depthModel	137	215.5	89	253	
@depthModel	140.5	222	91.5	267.5	
@depthModel	144.5	229.5	95.5	280	
@depthModel	149.5	236.5	103	292	
@depthModel	153.5	245	108.5	305	
@depthModel	158	253	115	315	
@depthModel	164	260.5	120	324.5	
@depthModel	169	269	125	332	
@depthModel	175	275.5	129	340.5	
@depthModel	179.5	284.5	133.5	350	
@depthModel	185.5	292.5	138.5	358	
@depthModel	190.5	300.5	142.5	366.5	
@depthModel	196	309	147	375	
@depthModel	203	316	152	383.5	
@depthModel	209	323.5	157.5	391	
@depthModel	215.5	331	163	398.5	
@depthModel	220.5	339.5	168.5	405.5	
@depthModel	227	347	174	413.5	
@depthModel	233.5	354.5	179.5	420.5	
@depthModel	240.5	361.5	185	428.5	
@depthModel	245.5	370.5	190	435	
@depthModel	253	377	195.5	443.5	
@depthModel	259.5	384.5	201.5	450.5	
@depthModel	267	392	208	456.5	
@depthModel	273.5	399	214	463	
@depthModel	280.5	406	220	470	
@depthModel	286.5	414.5	226	477	
@depthModel	295.5	420.5	232	484	
@depthModel	301.5	429	239	490	
@depthModel	309.5	435.5	245.5	496	
@depthModel	316	442.5	252.5	502	
@depthModel	323.5	449.5	259	508.5	
@depthModel	330.5	456	265	514.5	
@depthModel	338	464	271	520.5	
@depthModel	345	470	279.5	525.5	
@depthModel	353.5	476.5	286	531.5	
@depthModel	360.5	484	294	537	
@depthModel	368.5	490.5	300	543	
@depthModel	376	497	307.5	548.5	
@depthModel	383.5	504	315	553.5	
@depthModel	390.5	510.5	322	559	
@depthModel	400.5	515.5	329.5	564	
@depthModel	407.5	522.5	337	569	
@depthModel	415	529	345	574	
@depthModel	423	535	353	579	
@depthModel	431	541	360.5	584	
@depthModel	440.5	545.5	369.5	588.5	
@depthModel	448	551.5	378	593	
@depthModel	456	557.5	387.5	597.5	
@depthModel	464	562.5	396	602.5	
@depthModel	472	568	405.5	606.5	
@depthModel	480	572.5	415.5	612	
@depthModel	488.5	577	425.5	616	
@depthModel	496.5	582	436	621	
@depthModel	504.5	585.5	444.5	625	
@depthModel	510.5	590.5	456	628.5	
@depthModel	518.5	593.5	468	631	
@depthModel	526.5	596.5	477.5	634.5	
@depthModel	532.5	599.5	492.5	636.5	
@depthModel	540.5	600.5	505	639	
@depthModel	546	603	521	640.5	
@depthModel	564.5	634	539.5	676	
@depthModel	572	645.5	547.5	708	
@depthModel	579.5	662	556.5	731.5	
@depthModel	600	700.5	572.5	767	
@depthModel	612.5	720	580.5	783	
@depthModel	627	738.5	590	797	
@depthModel	640.5	755.5	599	813	
@depthModel	655	770	609.5	826.5	
@depthModel	669.5	785	620.5	840.5	
@depthModel	685	800.5	630.5	855	
@depthModel	700	815	642	867.5	
@depthModel	715.5	829	653.5	879.5	
@depthModel	732	841.5	666.5	895.5	
@depthModel	747.5	853.5	685	911	
@depthModel	763	864	703	928.5	
@depthModel	778.5	872.5	721	938.5	
@depthModel	795.5	880.5	741	946	
@depthModel	809.5	886	761	953.5	
@depthModel	827	950	780.5	1002.5	
@depthModel	845	964.5	790.5	1047	
@depthModel	862.5	995	816.5	1088	
@depthModel	879.5	1018.5	836.5	1111	
@depthModel	894.5	1034.5	855.5	1124	
@depthModel	944.5	1116	884	1140.5	
@depthModel	977	1123.5	923	1151	
@depthModel	1094.5	1173	1065.5	1241	
@depthModel	1103	1184.5	1072	1244.5	
@depthModel	1110.5	1194	1081.5	1247	
@depthModel	1119.5	1201	1088.5	1249.5	
@depthModel	1130	1210.5	1097.5	1252	
@depthModel	1140	1220.5	1105.5	1255.5	
@depthModel	1150	1229	1113	1259.5	
@depthModel	1161	1236.5	1123.5	1262	
@depthModel	1172	1244.5	1130.5	1265.5	
@depthModel	1184.5	1250.5	1141.5	1268.5	
@depthModel	1195.5	1256	1152.5	1270.5	
@depthModel	1206	1261.5	1163	1273.5	
@depthModel	1215.5	1265.5	1174.5	1275.5	
@depthModel	1224.5	1267.5	1191	1277.5	
@depthModel	1229.5	1271	1208	1279	
@depthModel	1240	1278	1227	1284	
@depthModel	1250	1282.5	1230	1289.5	
@depthModel	1256.5	1286.5	1234	1294	
@depthModel	1261	1290.5	1240	1297.5	
@depthModel	1267.5	1293.5	1244.5	1300.5	
@depthModel	1274	1295.5	1252	1303.5	
@depthModel	1280	1296.5	1260	1305.5	
@depthModel	1285.5	1300.5	1278	1313.5	
@depthModel	1285.5	1305.5	1279.5	1320.5	
@depthModel	1288	1309	1280.5	1328	
@depthModel	1290.5	1312.5	1281.5	1332	
@depthModel	1291.5	1317.5	1283.5	1335	
@depthModel	1294.5	1320.5	1285.5	1340.5	
@depthModel	1296.5	1326	1286.5	1345	
@depthModel	1299.5	1329	1289	1347.5	
@depthModel	1301.5	1334	1290.5	1353	
@depthModel	1305.5	1336	1292.5	1356.5	
@depthModel	1307.5	1341	1295	1360	
@depthModel	1310.5	1345.5	1296.5	1364.5	
@depthModel	1314	1349	1300	1366.5	
@depthModel	1316.5	1353	1301.5	1371	
@depthModel	1320.5	1356.5	1304	1374	
@depthModel	1324	1360.5	1306.5	1377.5	
@depthModel	1326	1365.5	1309.5	1380.5	
@depthModel	1330.5	1368.5	1311	1384.5	
@depthModel	1335.5	1371	1315.5	1386	
@depthModel	1338	1375.5	1315.5	1390.5	
@depthModel	1340.5	1380	1320.5	1392	
@depthModel	1346	1382.5	1321.5	1395.5	
@depthModel	1350.5	1385.5	1325.5	1398	
@depthModel	1352.5	1390	1327	1400.5	
@depthModel	1358	1392.5	1330.5	1403.5	
@depthModel	1361	1395.5	1332.5	1405.5	
@depthModel	1366	1398	1335.5	1408.5	
@depthModel	1370.5	1400.5	1337.5	1410.5	
@depthModel	1374	1403	1340.5	1413.5	
@depthModel	1377.5	1405.5	1343.5	1415.5	
@depthModel	1382.5	1407	1345.5	1418.5	
@depthModel	1387.5	1413.5	1347.5	1430.5	
@depthModel	1390	1419	1351	1439.5	
@depthModel	1391	1425.5	1355.5	1445.5	
@depthModel	1394	1428	1358.5	1454	
@depthModel	1395.5	1435.5	1362	1460.5	
@depthModel	1399.5	1438.5	1367	1467	
@depthModel	1401.5	1445	1371	1474	
@depthModel	1405	1448.5	1375	1480	
@depthModel	1408.5	1453.5	1380.5	1485.5	
@depthModel	1411	1460	1385.5	1491	
@depthModel	1415	1463.5	1390.5	1496	
@depthModel	1419	1468	1394	1501	
@depthModel	1422.5	1473.5	1397.5	1506	
@depthModel	1426	1478.5	1401	1511	
@depthModel	1430.5	1482.5	1405.5	1515.5	
@depthModel	1435	1486.5	1409	1520	
@depthModel	1438.5	1491.5	1413	1525	
@depthModel	1442.5	1496.5	1416.5	1530	
@depthModel	1446.5	1501	1421	1534	
@depthModel	1450.5	1505.5	1425.5	1537.5	
@depthModel	1454.5	1510	1430.5	1541	
@depthModel	1459	1514	1434.5	1545.5	
@depthModel	1463	1518.5	1438.5	1550.5	
@depthModel	1466.5	1524	1442.5	1555	
@depthModel	1471	1527.5	1447	1559	
@depthModel	1475.5	1531.5	1452	1563	
@depthModel	1480.5	1535.5	1457	1566.5	
@depthModel	1485	1540	1461.5	1571	
@depthModel	1489	1544.5	1466	1575	
@depthModel	1494	1548.5	1471.5	1578	
@depthModel	1498.5	1553.5	1476.5	1581	
@depthModel	1506.5	1563	1485	1588	
@depthModel	1510.5	1566	1487	1592.5	
@depthModel	1514	1570	1490.5	1596	
@depthModel	1517.5	1575.5	1492	1600.5	
@depthModel	1520.5	1580.5	1495	1605	
@depthModel	1525	1583.5	1497.5	1609	
@depthModel	1529	1587.5	1501	1612	
@depthModel	1532.5	1593	1505.5	1615.5	
@depthModel	1536.5	1597.5	1505.5	1620	
@depthModel	1541	1601.5	1510	1623.5	
@depthModel	1545.5	1606	1514.5	1626	
@depthModel	1550.5	1611	1514.5	1629.5	
@depthModel	1556	1616	1518	1632.5	
@depthModel	1561	1622	1515.5	1635	
@depthModel	1564	1627.5	1517.5	1638	