
T(5)	-1.14	1.14	-2.65	2.65	
U(0,4)	3.98986e-17	4	3.98986e-17	4	
General	
bottom	
EE-C5	-343	-115.5	-349.5	-53	
EE-C6	-105	1.5	-163	8.5	
EE-C7	382.5	530.5	264.5	537.5	
I	
EE-C17	555.5	605	544	642.5	
II	
EE-C18	891	976	775	994.5	
EE-C19	784.5	878	772.5	888	
EE-C20	995.5	1026	978.5	1040.5	
III	
U(-2,2)	-2	2	-2	2	
SLS-left	-2	2	-2	2	
bottom	
EG-3	-41	16	-86.5	65	
EG-4	123.5	203.5	77.5	219	
I	
II	
EE-C8	780.5	883	709.5	941.5	
EE-C9/EE-C10	899.5	995	893.5	1020.5	
III	
EE-C11	1230.5	1275.5	1225.5	1278	
EE-C13/EE-C12	1285.5	1378	1280	1385.5	
EE-C14	1320.5	1401	1303	1410	
EE-C15	1514	1635.5	1491	1641.5	
EE-C16	1498.5	1631.5	1480	1636	
top	
U(-2,2)	-2	2	-2	2	
SLS-right	-2	2	-2	2	
	
	
	
	
	
	
	
	
	
	
	
	
	
	
@General	-395.5	205	-424.5	283.5	
@	
@	1.74	3.1	5.37764e-17	3.48	
@SLS-left	-1.85727	-0.709273	-1.85727	1.96273	
@bottom	-173.5	9	-202.5	28.5	
@EE-C5	-175.5	27.5	-199	50.5	
@EE-C6	-77	308	-109	364.5	
@EE-C7	364.5	430.5	262	528	
@I	548	626.5	513	643.5	
@EE-C17	560.5	634.5	546.5	642.5	
@II	645	781	576	832.5	
@EE-C18	695	853	637.5	902.5	
@EE-C19	825.5	884	781	940.5	
@EE-C20	996.5	1027	976.5	1117	
@III	1062	1227	1006.5	1242	
@SLS-right	-1.62206	-1.42206	-1.62206	-1.13006	
@=bottom	-173.5	9	-202.5	28.5	
@EG-3	-88.5	10.5	-150.5	40	
@EG-4	123	198.5	81	216.5	
@=I	548	626.5	513	643.5	
@=II	645	781	576	832.5	
@EE-C8	825.5	891	773.5	975	
@EE-C9/EE-C10	959.5	1019.5	892	1220	
@=III	1062	1227	1006.5	1242	
@EE-C11	1233.5	1275.5	1226	1278.5	
@EE-C13/EE-C12	1284.5	1297	1277.5	1305.5	
@EE-C14	1385.5	1409.5	1342	1422.5	
@EE-C15	1500.5	1557.5	1479.5	1583.5	
@EE-C16	1566	1631.5	1513.5	1639.5	
@top	1565.5	1632.5	1515	1642	
@depthModel	-134.5	44.5	-191.5	63	
@depthModel	-131.5	60.5	-186.5	82.5	
@depthModel	-127.5	77	-183.5	100.5	
@depthModel	-126	98	-180	119	
@depthModel	-124.5	117	-174.5	135.5	
@depthModel	-121	135	-172	154.5	
@depthModel	-116	151.5	-165.5	172.5	
@depthModel	-109.5	167.5	-160.5	190.5	
@depthModel	-103.5	183.5	-155	210	
@depthModel	-98.5	200.5	-149	229.5	
@depthModel	-94.5	217.5	-144	250	
@depthModel	-89.5	234.5	-138.5	273	
@depthModel	-81	251	-132	297	
@depthModel	-77	269.5	-124.5	319	
@depthModel	-76.5	289	-117.5	342	
@depthModel	-58.5	330.5	-92	362.5	
@depthModel	-54	357.5	-79.5	390.5	
@depthModel	-11	391.5	-54.5	416.5	
@depthModel	-3.5	419.5	-48	430.5	
@depthModel	259	425	-7	468.5	
@depthModel	307	429	51.5	520.5	
@depthModel	338.5	427	180.5	532	
@depthModel	367.5	440	264.5	532	
@depthModel	376.5	454.5	265.5	543	
@depthModel	388.5	468.5	269	556	
@depthModel	399.5	481.5	352	570.5	
@depthModel	409	494.5	361.5	576.5	
@depthModel	418	508	371	583	
@depthModel	430.5	522.5	380.5	590	
@depthModel	445	538	390	595.5	
@depthModel	460.5	550.5	400	600.5	
@depthModel	475.5	560.5	410.5	606	
@depthModel	490	571.5	420.5	613.5	
@depthModel	505	581.5	435	621	
@depthModel	519	590.5	450.5	630	
@depthModel	530.5	600	467	635.5	
@depthModel	540	605	487.5	638.5	
@depthModel	555	630.5	532	644.5	
@depthModel	564	636	546.5	647	
@depthModel	565.5	638.5	546	653	
@depthModel	568.5	640.5	545.5	660.5	
@depthModel	571.5	641.5	546.5	667.5	
@depthModel	575	637	547.5	673.5	
@depthModel	576.5	644	549	680	
@depthModel	579	646	550.5	687	
@depthModel	581	655.5	551	696	
@depthModel	584	652.5	552.5	701.5	
@depthModel	586.5	665.5	554	706.5	
@depthModel	589.5	669	555.5	713	
@depthModel	592	673.5	556	721	
@depthModel	595.5	677.5	558	726	
@depthModel	599	681.5	559.5	731	
@depthModel	601.5	686.5	560.5	739	
@depthModel	604	691	561.5	745.5	
@depthModel	603	695.5	563	749.5	
@depthModel	604	699.5	564.5	754.5	
@depthModel	606.5	704	565.5	760.5	
@depthModel	609	708.5	566	767	
@depthModel	611	712.5	567	771	
@depthModel	613	717	567.5	775.5	
@depthModel	615.5	721.5	566.5	780	
@depthModel	617	726.5	566	784.5	
@depthModel	619.5	731	566	789.5	
@depthModel	621	737	567	794.5	
@depthModel	623	742.5	568.5	799.5	
@depthModel	625	749	569.5	805	
@depthModel	629	755	570.5	813.5	
@depthModel	634.5	762	572	819.5	
@depthModel	644.5	777	574.5	825.5	
@depthModel	663	784.5	590.5	842.5	
@depthModel	676	788	603.5	852	
@depthModel	695	844	618	894	
@depthModel	771	854.5	655.5	905.5	
@depthModel	773	852	673.5	909.5	
@depthModel	776.5	850.5	692	917.5	
@depthModel	779	850	711	931	
@depthModel	785	855.5	730.5	934	
@depthModel	799	868.5	750	937	
@depthModel	815	877.5	768.5	940	
@depthModel	831.5	892	784	948	
@depthModel	836.5	901.5	793	952.5	
@depthModel	843	912	800	965.5	
@depthModel	849	923	806.5	980.5	
@depthModel	857.5	935	818	991	
@depthModel	868	947	826.5	1001	
@depthModel	879.5	959.5	835.5	1008.5	
@depthModel	893.5	974	845.5	1015.5	
@depthModel	910.5	986.5	855.5	1020.5	
@depthModel	925.5	997.5	863.5	1025.5	
@depthModel	937.5	1004.5	871	1029.5	
@depthModel	950.5	1010.5	879	1033	
@depthModel	965	1015.5	885	1035.5	
@depthModel	977.5	1020.5	895	1037.5	
@depthModel	990	1023	899.5	1041	
@depthModel	999	1037	980.5	1130.5	
@depthModel	999.5	1053.5	985.5	1161.5	
@depthModel	1001	1071.5	990.5	1183.5	
@depthModel	1003	1091	992	1200	
@depthModel	1005.5	1111.5	995.5	1212	
@depthModel	1009.5	1131.5	999.5	1222	
@depthModel	1046	1188.5	1003.5	1232	
@depthModel	-47	25.5	-143	65	
@depthModel	-44	38.5	-114.5	85.5	
@depthModel	-39	48.5	-99	101	
@depthModel	-31.5	58.5	-89	113	
@depthModel	-22	71.5	-79.5	124.5	
@depthModel	-11	84.5	-67	136	
@depthModel	0.5	98	-54	149.5	
@depthModel	13.5	110.5	-39.5	160.5	
@depthModel	26	123	-25.5	170	
@depthModel	39	134.5	-12	179.5	
@depthModel	52.5	146	3.5	187.5	
@depthModel	66	156.5	18	195.5	
@depthModel	80	166.5	35	202	
@depthModel	99	182	51	208	
@depthModel	114.5	190	69.5	211.5	
@depthModel	128.5	201	82.5	228	
@depthModel	131.5	207	84	240	
@depthModel	133	214	85.5	255.5	
@depthModel	136	220.5	88.5	267	
@depthModel	140.5	227.5	91	280	
@depthModel	144.5	235	95.5	290.5	
@depthModel	149.5	242	101.5	302.5	
@depthModel	153.5	250.5	106	315.5	
@depthModel	158	258	112.5	325	
@depthModel	163	266	118	335	
@depthModel	168	274.5	123	343.5	
@depthModel	174	281.5	127.5	352.5	
@depthModel	179.5	290	132	361	
@depthModel	185	297.5	136	370	
@depthModel	191	306	141.5	377	
@depthModel	195.5	315	145.5	385.5	
@depthModel	202.5	322	151	392.5	
@depthModel	208	329.5	155.5	400.5	
@depthModel	215	335.5	161	408	
@depthModel	220	344.5	166	416	
@depthModel	226.5	352.5	171.5	423	
@depthModel	232.5	360	177	430.5	
@depthModel	240	367	183	437.5	
@depthModel	246	376	188	445	
@depthModel	252.5	382.5	194.5	450.5	
@depthModel	259.5	390	200	457.5	
@depthModel	266	397.5	205.5	465.5	
@depthModel	272.5	405	211.5	471.5	
@depthModel	280.5	412	217.5	478.5	
@depthModel	285.5	420.5	223.5	484.5	
@depthModel	294.5	426	230.5	490.5	
@depthModel	300.5	434.5	236	497	
@depthModel	309.5	441	242.5	504	
@depthModel	315.5	448.5	249	509.5	
@depthModel	323.5	455.5	255.5	515.5	
@depthModel	330.5	462.5	262.5	521.5	
@depthModel	338	470	269.5	527.5	
@depthModel	346	476	276	532.5	
@depthModel	353	483.5	282	539	
@depthModel	360.5	490.5	289.5	544.5	
@depthModel	369.5	496.5	295.5	550.5	
@depthModel	376	504	304	555	
@depthModel	384	509.5	310.5	560.5	
@depthModel	392.5	516	318.5	565	
@depthModel	400.5	521.5	325.5	570	
@depthModel	407.5	529	333.5	575	
@depthModel	415.5	535.5	340.5	580	
@depthModel	424	540.5	348.5	584.5	
@depthModel	432	546.5	356.5	589.5	
@depthModel	440.5	552	365	594	
@depthModel	449	557	374	598.5	
@depthModel	456.5	562.5	382.5	603.5	
@depthModel	464.5	568	392	607.5	
@depthModel	472.5	573	401.5	612	
@depthModel	481	577.5	411	616.5	
@depthModel	489	582	420.5	620.5	
@depthModel	497	586.5	428.5	624.5	
@depthModel	504.5	590.5	440	627.5	
@depthModel	510.5	595	450	630.5	
@depthModel	519.5	597.5	460	633.5	
@depthModel	526	600.5	471.5	635.5	
@depthModel	533	603	483	638.5	
@depthModel	540.5	603.5	496	640.5	
@depthModel	557	644	525.5	740.5	
@depthModel	569	687	542.5	771	
@depthModel	599.5	748	554.5	791.5	
@depthModel	654	785	584.5	838.5	
@depthModel	665	793.5	592	848	
@depthModel	676.5	804	601	857	
@depthModel	689	815	610.5	868	
@depthModel	701.5	825.5	622	881.5	
@depthModel	715	834.5	637.5	896.5	
@depthModel	727	843.5	650.5	910.5	
@depthModel	739.5	850.5	665	920.5	
@depthModel	749.5	857	676	930.5	
@depthModel	759	864	687	938.5	
@depthModel	769.5	870	697.5	945.5	
@depthModel	781	875.5	709	953.5	
@depthModel	792	881	722	963.5	
@depthModel	800.5	885.5	736	970.5	
@depthModel	812.5	889	758	973	
@depthModel	830.5	948	778	991	
@depthModel	845.5	955	785.5	1112	
@depthModel	862	966	800.5	1136	
@depthModel	877	981	813	1154	
@depthModel	889.5	991	823.5	1174	
@depthModel	897.5	1011	836.5	1192	
@depthModel	904.5	1017	860	1205.5	
@depthModel	1070	1228	1013	1244.5	
@depthModel	1085.5	1230	1021	1250	
@depthModel	1100	1231.5	1032.5	1254.5	
@depthModel	1114.5	1235.5	1045	1258	
@depthModel	1127	1241	1058.5	1261	
@depthModel	1137.5	1245.5	1068	1264	
@depthModel	1148	1250.5	1081	1265.5	
@depthModel	1159.5	1254.5	1092	1268.5	
@depthModel	1172.5	1258	1102.5	1270.5	
@depthModel	1185.5	1261.5	1118	1272.5	
@depthModel	1194.5	1265	1130	1274.5	
@depthModel	1207	1267.5	1145.5	1275.5	
@depthModel	1215.5	1270	1162	1278	
@depthModel	1226	1271	1179	1279.5	
@depthModel	1230	1273	1200.5	1280	
@depthModel	1239.5	1279	1225.5	1285.5	
@depthModel	1250.5	1284	1230	1290	
@depthModel	1257.5	1288	1234	1295	
@depthModel	1263.5	1291	1239	1298.5	
@depthModel	1268	1294	1246	1301	
@depthModel	1275.5	1295.5	1251.5	1304	
@depthModel	1280.5	1297	1261	1305.5	
@depthModel	1285.5	1300.5	1278	1313.5	
@depthModel	1285.5	1305.5	1279.5	1320.5	
@depthModel	1287.5	1309	1280.5	1328.5	
@depthModel	1290	1312	1281.5	1332.5	
@depthModel	1291	1317.5	1283	1336	
@depthModel	1294	1320	1285.5	1340.5	
@depthModel	1295.5	1325.5	1286	1346.5	
@depthModel	1298.5	1328.5	1288	1349	
@depthModel	1300.5	1333.5	1290	1353.5	
@depthModel	1304.5	1336	1291.5	1358	
@depthModel	1306.5	1341	1294	1360.5	
@depthModel	1309.5	1344.5	1295.5	1365.5	
@depthModel	1312	1349.5	1298.5	1368	
@depthModel	1315.5	1352.5	1300.5	1371.5	
@depthModel	1319.5	1356	1302.5	1375	
@depthModel	1322	1361	1305.5	1378.5	
@depthModel	1325	1365	1307.5	1381	
@depthModel	1329	1368.5	1310	1385	
@depthModel	1333	1371.5	1313	1387	
@depthModel	1336.5	1376	1315	1390.5	
@depthModel	1339.5	1380	1318	1393	
@depthModel	1344	1383	1320.5	1395.5	
@depthModel	1349	1386	1323	1398.5	
@depthModel	1350.5	1390.5	1325.5	1400.5	
@depthModel	1356	1393	1328	1403.5	
@depthModel	1361	1396	1330.5	1405.5	
@depthModel	1363.5	1399.5	1333	1408.5	
@depthModel	1370	1401	1335	1410.5	
@depthModel	1372	1404.5	1338	1413	
@depthModel	1377	1406	1340.5	1415.5	
@depthModel	1381.5	1408	1343.5	1418	
@depthModel	1386	1415.5	1345.5	1430.5	
@depthModel	1388.5	1419	1349	1439	
@depthModel	1390.5	1425	1351.5	1447.5	
@depthModel	1392	1430	1355	1454.5	
@depthModel	1395	1434	1359	1460.5	
@depthModel	1397	1439.5	1362.5	1467.5	
@depthModel	1400	1444	1366	1474.5	
@depthModel	1402.5	1449	1370.5	1480.5	
@depthModel	1405.5	1454.5	1376	1486	
@depthModel	1409.5	1457.5	1380.5	1492	
@depthModel	1412.5	1463.5	1385	1497.5	
@depthModel	1416	1469	1389	1503	
@depthModel	1420.5	1472.5	1393.5	1507.5	
@depthModel	1424.5	1477	1397.5	1512.5	
@depthModel	1427.5	1482.5	1401.5	1517	
@depthModel	1431.5	1487.5	1405.5	1521.5	
@depthModel	1436	1491.5	1410	1525.5	
@depthModel	1440.5	1495.5	1413.5	1530.5	
@depthModel	1444	1500.5	1417.5	1535	
@depthModel	1447.5	1505.5	1421	1540.5	
@depthModel	1451.5	1510.5	1425.5	1544.5	
@depthModel	1455.5	1515	1430.5	1548	
@depthModel	1460.5	1518.5	1435.5	1551.5	
@depthModel	1465	1522	1440	1555.5	
@depthModel	1469	1526	1444	1560	
@depthModel	1472.5	1531.5	1449	1564	
@depthModel	1476.5	1536	1454	1567.5	
@depthModel	1481	1540.5	1459.5	1570.5	
@depthModel	1485.5	1545	1464	1575	
@depthModel	1490.5	1549	1469	1578.5	
@depthModel	1495.5	1552	1475	1580.5	
@depthModel	1505	1561	1481	1589	
@depthModel	1507	1566.5	1484.5	1591.5	
@depthModel	1511	1571	1486	1596.5	
@depthModel	1514.5	1574.5	1488.5	1600.5	
@depthModel	1518.5	1579	1490.5	1605	
@depthModel	1521.5	1584.5	1493.5	1608.5	
@depthModel	1525.5	1588.5	1496.5	1612.5	
@depthModel	1530	1591.5	1500	1615.5	
@depthModel	1534	1596	1500.5	1620.5	
@depthModel	1537.5	1601.5	1505	1622.5	
@depthModel	1542	1606.5	1508	1625.5	
@depthModel	1547	1611.5	1509.5	1629	
@depthModel	1552	1616	1513.5	1631.5	
@depthModel	1556	1621.5	1512	1634.5	
@depthModel	1560.5	1626.5	1514.5	1637	