
'start'	
BL-C10	1048.5	1163	1039.5	1187	
BL-C11	1225.5	1268	1220.5	1274.5	
BL-C12	1522	1642.5	1497	1646.5	
'end'	
U(-2,2)	-2	2	-2	2	
BAER_mid	-2	2	-2	2	
	
	
@BAER_mid	-2.02	-1.688	-2.02	-1.42	
@'start'	1044.5	1134.5	1036	1168	
@BL-C10	1044.5	1134.5	1036	1168	
@BL-C11	1243	1271.5	1222.5	1275.5	
@BL-C12	1516.5	1639.5	1490.5	1644.5	
@'end'	1546	1891.5	1508.5	2615	
@depthModel	1045.5	1135	1037	1168	
@depthModel	1045.5	1157	1037.5	1169	
@depthModel	1046	1157.5	1038	1170	
@depthModel	1046.5	1157.5	1038	1171	
@depthModel	1047	1157.5	1039	1172.5	
@depthModel	1047	1159	1039.5	1174.5	
@depthModel	1047.5	1159.5	1040.5	1176	
@depthModel	1048	1159	1040.5	1180.5	
@depthModel	1048.5	1160	1041	1182.5	
@depthModel	1049.5	1160.5	1041.5	1184	
@depthModel	1050	1161	1042	1185	
@depthModel	1050.5	1161	1042	1186.5	
@depthModel	1051	1161.5	1042.5	1187.5	
@depthModel	1051.5	1162	1043	1188.5	
@depthModel	1052.5	1162	1043.5	1190	
@depthModel	1053	1162	1044	1191.5	
@depthModel	1054	1162	1045	1193	
@depthModel	1055	1161.5	1045	1195	
@depthModel	1055.5	1163	1045.5	1197.5	
@depthModel	1056	1164.5	1045.5	1200.5	
@depthModel	1057.5	1164.5	1046	1201.5	
@depthModel	1059	1164.5	1047	1202.5	
@depthModel	1060.5	1164	1047.5	1203.5	
@depthModel	1061	1165	1048	1204.5	
@depthModel	1063	1165.5	1049	1205	
@depthModel	1064	1165.5	1049.5	1206	
@depthModel	1065.5	1165.5	1050	1207.5	
@depthModel	1068	1165.5	1050.5	1210	
@depthModel	1070	1166	1050.5	1212.5	
@depthModel	1071	1167	1051	1215	
@depthModel	1071	1169	1051.5	1215.5	
@depthModel	1072.5	1169.5	1052	1216.5	
@depthModel	1074.5	1170	1053	1216.5	
@depthModel	1075.5	1172	1054	1217.5	
@depthModel	1075.5	1175.5	1055	1219	
@depthModel	1078	1176	1055.5	1220.5	
@depthModel	1080	1176.5	1056	1222	
@depthModel	1080.5	1180.5	1056	1224.5	
@depthModel	1082	1181.5	1057.5	1224.5	
@depthModel	1084.5	1182	1058	1225.5	
@depthModel	1085.5	1185	1059.5	1225.5	
@depthModel	1088	1187	1060.5	1227	
@depthModel	1090	1189.5	1060.5	1230	
@depthModel	1092.5	1191.5	1061	1231	
@depthModel	1093	1194	1062.5	1231.5	
@depthModel	1095	1195.5	1063.5	1232.5	
@depthModel	1097.5	1197.5	1064.5	1234	
@depthModel	1098.5	1199.5	1065	1235	
@depthModel	1101	1201	1066	1236.5	
@depthModel	1103	1203.5	1067	1238	
@depthModel	1105.5	1205.5	1068	1238.5	
@depthModel	1108	1207	1069	1239.5	
@depthModel	1108.5	1209	1070.5	1240.5	
@depthModel	1111.5	1211	1071.5	1242	
@depthModel	1113.5	1213	1072	1243	
@depthModel	1116	1215.5	1073	1244	
@depthModel	1119.5	1216.5	1074.5	1245	
@depthModel	1119.5	1218.5	1075.5	1245.5	
@depthModel	1121	1220.5	1076.5	1247	
@depthModel	1125	1221	1077.5	1248	
@depthModel	1125.5	1223.5	1078.5	1249	
@depthModel	1126.5	1225	1080	1250	
@depthModel	1130.5	1225.5	1081.5	1251	
@depthModel	1131.5	1227.5	1083	1252	
@depthModel	1132.5	1229	1083.5	1253.5	
@depthModel	1134.5	1230	1084.5	1254.5	
@depthModel	1136.5	1230.5	1085.5	1255	
@depthModel	1139.5	1231	1088.5	1255.5	
@depthModel	1140.5	1233	1090.5	1256	
@depthModel	1141	1235	1092	1257	
@depthModel	1144.5	1235.5	1092.5	1257.5	
@depthModel	1146.5	1237	1093	1259	
@depthModel	1148	1238.5	1094	1259.5	
@depthModel	1150	1240	1095	1260	
@depthModel	1153	1241	1097.5	1260.5	
@depthModel	1155	1241.5	1100.5	1260.5	
@depthModel	1156	1243	1102	1261.5	
@depthModel	1157.5	1244.5	1103.5	1262	
@depthModel	1160	1245.5	1104.5	1263	
@depthModel	1162.5	1246	1105	1263.5	
@depthModel	1164.5	1246.5	1106	1264	
@depthModel	1165.5	1248	1107	1264.5	
@depthModel	1166.5	1249.5	1108	1265	
@depthModel	1168.5	1250	1110	1265.5	
@depthModel	1171	1251	1113.5	1265.5	
@depthModel	1174	1251.5	1116	1266	
@depthModel	1175.5	1253	1118	1266.5	
@depthModel	1176.5	1255	1119	1267.5	
@depthModel	1179.5	1255	1120.5	1268	
@depthModel	1182	1256	1121.5	1268.5	
@depthModel	1184.5	1256	1123	1269	
@depthModel	1186	1257	1124	1269.5	
@depthModel	1187	1258	1125	1270	
@depthModel	1188	1259	1126	1270.5	
@depthModel	1190	1259.5	1130	1270.5	
@depthModel	1191.5	1260.5	1133	1271	
@depthModel	1195.5	1260.5	1135	1271	
@depthModel	1197	1261	1137	1271.5	
@depthModel	1199.5	1261	1139	1272	
@depthModel	1200.5	1262	1141	1272.5	
@depthModel	1202	1262	1143	1272.5	
@depthModel	1203.5	1263	1145	1273	
@depthModel	1205	1263.5	1147	1273.5	
@depthModel	1206	1264	1148.5	1274	
@depthModel	1207.5	1264.5	1151	1274	
@depthModel	1208.5	1265	1152.5	1274	
@depthModel	1210.5	1265	1154.5	1274.5	
@depthModel	1213	1265.5	1156.5	1275	
@depthModel	1215	1265.5	1159	1275	
@depthModel	1216.5	1265.5	1161	1275	
@depthModel	1218	1265.5	1163.5	1275.5	
@depthModel	1220.5	1265.5	1167	1275.5	
@depthModel	1221	1266	1171	1275.5	
@depthModel	1222	1266	1175	1276	
@depthModel	1224	1266	1178	1276.5	
@depthModel	1225.5	1266	1181	1276.5	
@depthModel	1226.5	1266.5	1184.5	1277	
@depthModel	1227.5	1267	1188	1277.5	
@depthModel	1229	1267.5	1191.5	1277.5	
@depthModel	1229	1268	1195	1278	
@depthModel	1229.5	1268.5	1199	1278	
@depthModel	1229.5	1269	1203.5	1278.5	
@depthModel	1229.5	1269.5	1208	1278.5	
@depthModel	1229.5	1270	1211.5	1278.5	
@depthModel	1239	1270.5	1216	1277.5	
@depthModel	1240.5	1271	1220	1276	
@depthModel	1241.5	1271.5	1221	1276	
@depthModel	1240.5	1274	1215	1335.5	
@depthModel	1230	1275.5	1215.5	1416.5	
@depthModel	1227.5	1278.5	1216	1452.5	
@depthModel	1224.5	1283.5	1216.5	1481	
@depthModel	1223.5	1299	1217.5	1499	
@depthModel	1223	1317	1219	1510.5	
@depthModel	1223.5	1336	1220.5	1525.5	
@depthModel	1223.5	1355	1221	1535.5	
@depthModel	1224.5	1372.5	1221.5	1540	
@depthModel	1225.5	1397.5	1222.5	1547.5	
@depthModel	1227.5	1526	1223.5	1552.5	
@depthModel	1229.5	1531	1224.5	1558.5	
@depthModel	1233.5	1535.5	1225.5	1565	
@depthModel	1239	1541.5	1225.5	1572	
@depthModel	1242.5	1548	1227	1578	
@depthModel	1244	1553.5	1228	1583.5	
@depthModel	1248.5	1556.5	1230.5	1587.5	
@depthModel	1251.5	1562.5	1233	1591	
@depthModel	1255.5	1567	1240	1628.5	
@depthModel	1257.5	1572	1245	1633.5	
@depthModel	1260.5	1576	1250.5	1635.5	
@depthModel	1263.5	1584.5	1254	1637.5	
@depthModel	1271.5	1632	1258.5	1639	
@depthModel	1439	1636.5	1263.5	1641	
@depthModel	1454.5	1637	1267.5	1642.5	
@depthModel	1468	1637.5	1271	1644	
@depthModel	1477.5	1637	1275	1645	
@depthModel	1486.5	1637.5	1326.5	1646	
@depthModel	1492	1636	1364.5	1647.5	
@depthModel	1496	1637.5	1407.5	1648.5	
@depthModel	1513.5	1638.5	1470	1647.5	
@depthModel	1517	1639.5	1489.5	1646.5	
@depthModel	1518	1638.5	1486	1650	
@depthModel	1518.5	1638.5	1482	1662	
@depthModel	1519	1639.5	1480	1679.5	
@depthModel	1519	1641	1480	1701	
@depthModel	1518.5	1642	1479.5	1716	
@depthModel	1519	1642	1479	1734.5	
@depthModel	1518.5	1643.5	1479	1754.5	
@depthModel	1519	1644	1479.5	1771.5	
@depthModel	1519	1645	1480	1788	
@depthModel	1519.5	1646	1480.5	1805.5	
@depthModel	1519.5	1646.5	1480.5	1822.5	
@depthModel	1520.5	1647.5	1481	1838.5	
@depthModel	1520.5	1648.5	1481	1859.5	
@depthModel	1520.5	1650	1482	1866.5	
@depthModel	1520.5	1650.5	1482	1885.5	
@depthModel	1521	1654	1482.5	1892	
@depthModel	1521	1657.5	1483	1911	
@depthModel	1521	1662	1484	1916	
@depthModel	1521	1666.5	1484.5	1933.5	
@depthModel	1521	1671	1485.5	1947.5	
@depthModel	1521.5	1675	1485.5	1958	
@depthModel	1521.5	1679	1485.5	1969.5	
@depthModel	1521.5	1683.5	1486	1985.5	
@depthModel	1522	1688	1486.5	2002	
@depthModel	1522	1693	1487	2011	
@depthModel	1522.5	1697.5	1487	2018.5	
@depthModel	1523	1701.5	1487.5	2031.5	
@depthModel	1523.5	1706	1488	2039.5	
@depthModel	1524	1710.5	1488.5	2057.5	
@depthModel	1524	1715	1488.5	2064.5	
@depthModel	1524.5	1719.5	1488.5	2073	
@depthModel	1525	1724	1489.5	2085.5	
@depthModel	1525.5	1729.5	1490.5	2094.5	
@depthModel	1525.5	1736	1490.5	2108.5	
@depthModel	1526	1741.5	1491	2115	
@depthModel	1526.5	1744.5	1491.5	2134	
@depthModel	1527.5	1752	1492	2141	
@depthModel	1528	1756.5	1492.5	2165.5	
@depthModel	1528.5	1761.5	1493	2166.5	
@depthModel	1529	1770.5	1494	2175.5	
@depthModel	1530	1771	1494.5	2184.5	
@depthModel	1530.5	1777	1494.5	2188.5	
@depthModel	1530.5	1782.5	1495	2203.5	
@depthModel	1531	1788	1495.5	2208	
@depthModel	1531.5	1793.5	1495.5	2217.5	
@depthModel	1532	1798.5	1496	2243	
@depthModel	1532.5	1803.5	1496.5	2245.5	
@depthModel	1534	1808.5	1497	2251	
@depthModel	1534.5	1813.5	1497	2264.5	
@depthModel	1535.5	1817.5	1498	2271.5	
@depthModel	1535.5	1827.5	1499	2290.5	
@depthModel	1537	1832	1499	2303.5	
@depthModel	1537.5	1836	1500	2302.5	
@depthModel	1537.5	1840.5	1500.5	2303	
@depthModel	1538	1844.5	1500.5	2343.5	
@depthModel	1539.5	1844.5	1502	2343	
@depthModel	1540.5	1862	1502.5	2603	
@depthModel	1540.5	1863.5	1504.5	2605	
@depthModel	1541.5	1869.5	1505.5	2609	
@depthModel	1544.5	1876	1506.5	2611	
@depthModel	1544	1880	1507	2612.5	
@depthModel	1545	1885	1507.5	2613.5	