
T(5)	-1.14	1.14	-2.65	2.65	
U(0,4)	3.98986e-17	4	3.98986e-17	4	
General	
start	
H20	606	652	592.5	661	
H21	598	642.5	570.5	650.5	
HUN-30	681	817.5	670.5	873.5	
I	
HUN-31	1328.5	1423	1321.5	1431	
H28	1668.5		1660.5		
H26	1280.5	1377	1276	1385	
H18	1445.5	1611	1437.5	1623.5	
HUN-32	1442	1490.5	1433	1621	
HUN-33	1658	1800	1649		
II	
end	
U(-2,2)	-2	2	-2	2	
Hundalm	-2	2	-2	2	
	
	
	
	
	
	
@General	281.5	580	-381	689.5	
@	
@	2.304	2.984	2.06	3.524	
@Hundalm	-1.62206	-1.08206	-1.62206	1.83794	
@start	599.5	629.5	578.5	647.5	
@H20	599.5	629.5	578.5	647.5	
@H21	620	647	599	655.5	
@HUN-30	694	825	665	1141.5	
@I	710.5	1342	694	1348	
@HUN-31	853	1355.5	803.5	1422	
@H28	1254	1385.5	1217.5	1465	
@H26	1283	1385	1275.5	1464	
@H18	1445.5	1471	1434.5	1493.5	
@HUN-32	1451	1481.5	1443	1504	
@HUN-33	1656.5	1949	1640.5	2213	
@II	1655.5	1950.5	1641	2210.5	
@end	1676	3045.5	1661.5	5067.5	
@depthModel	608.5	638.5	589	652	
@depthModel	619.5	664	596.5	723.5	
@depthModel	625.5	685.5	602.5	763	
@depthModel	634	709.5	609	793.5	
@depthModel	643.5	733	615.5	823	
@depthModel	656	758	625.5	851.5	
@depthModel	668	792	635.5	871.5	
@depthModel	681.5	813	639.5	885.5	
@depthModel	695.5	878.5	673.5	1190	
@depthModel	688.5	967.5	683	1306	
@depthModel	701	1326.5	691.5	1333.5	
@depthModel	743.5	1345.5	721.5	1398	
@depthModel	779.5	1349.5	751	1407.5	
@depthModel	814	1353	778	1415	
@depthModel	875.5	1360	824.5	1425	
@depthModel	900.5	1364	846.5	1428.5	
@depthModel	926.5	1367.5	871.5	1431.5	
@depthModel	951.5	1370.5	897	1434	
@depthModel	975.5	1374	925	1434.5	
@depthModel	1001.5	1376	954.5	1435	
@depthModel	1026	1378.5	981.5	1436	
@depthModel	1051	1379.5	1004	1440.5	
@depthModel	1075.5	1380.5	1027	1444	
@depthModel	1101	1381	1053	1446.5	
@depthModel	1125.5	1382	1075.5	1450	
@depthModel	1151	1383	1102	1453	
@depthModel	1175.5	1384	1129.5	1455.5	
@depthModel	1201.5	1384.5	1157	1458	
@depthModel	1227	1385	1188	1460.5	
@depthModel	1287	1400	1280	1463.5	
@depthModel	1310.5	1428.5	1287.5	1463	
@depthModel	1344.5	1447	1297	1470.5	
@depthModel	1371	1451.5	1311	1480	
@depthModel	1387.5	1458.5	1336.5	1486.5	
@depthModel	1409.5	1465.5	1361.5	1492.5	
@depthModel	1430.5	1470.5	1385.5	1495	
@depthModel	1454.5	1492.5	1444	1529	
@depthModel	1456	1509	1445.5	1555.5	
@depthModel	1460	1520	1447.5	1574	
@depthModel	1463.5	1534.5	1450.5	1595	
@depthModel	1467.5	1549	1454.5	1611.5	
@depthModel	1472.5	1563	1457.5	1630.5	
@depthModel	1477.5	1576.5	1461	1650	
@depthModel	1483.5	1590	1465.5	1666	
@depthModel	1490	1604	1469.5	1685	
@depthModel	1496	1620	1473.5	1705	
@depthModel	1503.5	1631.5	1477.5	1725	
@depthModel	1510.5	1645.5	1481.5	1745.5	
@depthModel	1517	1659.5	1486	1765.5	
@depthModel	1525.5	1670.5	1490.5	1785.5	
@depthModel	1532	1686.5	1495.5	1805.5	
@depthModel	1539.5	1697	1501.5	1825.5	
@depthModel	1546	1711	1507	1846	
@depthModel	1552	1722.5	1511.5	1869.5	
@depthModel	1558	1732	1517	1891.5	
@depthModel	1563.5	1742	1522.5	1913	
@depthModel	1568	1751	1528	1935.5	
@depthModel	1574	1798	1534	1958.5	
@depthModel	1581.5	1819	1540	1982	
@depthModel	1590.5	1835.5	1545	2008	
@depthModel	1599	1852.5	1551	2034	
@depthModel	1607	1870	1559.5	2054.5	
@depthModel	1615	1887.5	1567.5	2080	
@depthModel	1622.5	1906.5	1576	2103.5	
@depthModel	1632	1922	1585	2130.5	
@depthModel	1641	1935.5	1595.5	2161.5	
@depthModel	1650	1944	1610	2184.5	
@depthModel	1656	1957.5	1642.5	2216	
@depthModel	1656	1964.5	1644.5	2216.5	
@depthModel	1657	1970.5	1646	2218	
@depthModel	1657.5	1977.5	1647	2221.5	
@depthModel	1658.5	1982	1648	2220.5	
@depthModel	1659.5	1986.5	1649.5	2214	
@depthModel	1660.5	1991	1650.5	2212.5	
@depthModel	1661	1995.5	1651	2220	
@depthModel	1662	1999	1651.5	2230	
@depthModel	1663	2003.5	1652	2240.5	
@depthModel	1663.5	2007.5	1652.5	2252.5	
@depthModel	1664.5	2010.5	1653	2265.5	
@depthModel	1665	2016	1653.5	2278.5	
@depthModel	1665.5	2022.5	1653.5	2293	
@depthModel	1666	2030	1654.5	2308	
@depthModel	1667	2031.5	1654.5	2323.5	
@depthModel	1667.5	2035	1655	2339	
@depthModel	1668	2040.5	1655	2356	
@depthModel	1668.5	2045	1655.5	2373	
@depthModel	1669	2055.5	1655.5	2390.5	
@depthModel	1669.5	2061.5	1655.5	2410.5	
@depthModel	1669.5	2070.5	1655.5	2431.5	
@depthModel	1670	2079.5	1655.5	2449.5	
@depthModel	1670	2088	1655.5	2468	
@depthModel	1670	2098	1656	2486.5	
@depthModel	1670.5	2107.5	1656	2505.5	
@depthModel	1670.5	2119.5	1656.5	2524.5	
@depthModel	1671.5	2128	1656.5	2543	
@depthModel	1672	2146.5	1656.5	2562.5	
@depthModel	1672.5	2151	1656.5	2582.5	
@depthModel	1673	2164	1656.5	2601	
@depthModel	1673.5	2176	1656.5	2620.5	
@depthModel	1673.5	2185.5	1656.5	2640	
@depthModel	1674	2192	1657	2660	
@depthModel	1674.5	2202.5	1657	2684	
@depthModel	1674.5	2210.5	1657	2699.5	
@depthModel	1675	2220	1657.5	2720	
@depthModel	1675	2232	1657.5	2739.5	
@depthModel	1675	2237.5	1657.5	2759	
@depthModel	1675	2244	1657.5	2785	
@depthModel	1675.5	2252	1658	2800	
@depthModel	1675.5	2262	1658	2823	
@depthModel	1675.5	2272	1658	2840.5	
@depthModel	1675.5	2277	1658	2860.5	
@depthModel	1675.5	2292	1658	2876.5	
@depthModel	1675.5	2297	1658	2901	
@depthModel	1675.5	2306.5	1658.5	2921.5	
@depthModel	1675.5	2313.5	1658.5	2942	
@depthModel	1675.5	2319.5	1658.5	2967.5	
@depthModel	1676	2328.5	1658.5	2982	
@depthModel	1675.5	2338.5	1658.5	3002.5	
@depthModel	1676	2346	1658.5	3023.5	
@depthModel	1675.5	2355	1659	3047	
@depthModel	1676	2366.5	1659	3065.5	
@depthModel	1675.5	2369.5	1659	3085	
@depthModel	1676	2380	1659	3105	
@depthModel	1676	2387.5	1659	3126	
@depthModel	1676.5	2395	1659	3142	
@depthModel	1676.5	2401	1659	3167.5	
@depthModel	1676.5	2417	1659	3199	
@depthModel	1676.5	2424	1659	3217	
@depthModel	1676.5	2437	1659	3230	
@depthModel	1676.5	2441	1659	3250	
@depthModel	1676.5	2451	1659	3270.5	
@depthModel	1676.5	2462.5	1659	3295	
@depthModel	1676.5	2468	1659.5	3312	
@depthModel	1676.5	2483	1659	3332.5	
@depthModel	1676.5	2488	1659.5	3351.5	
@depthModel	1676.5	2501	1659.5	3378	
@depthModel	1676	2503	1659.5	3389.5	
@depthModel	1676	2515.5	1659.5	3420	
@depthModel	1676	2521	1659.5	3440.5	
@depthModel	1676	2533	1660	3462.5	
@depthModel	1676	2539.5	1660	3479.5	
@depthModel	1676	2548.5	1660	3490.5	
@depthModel	1676	2554	1660	3521.5	
@depthModel	1675.5	2564.5	1660.5	3546	
@depthModel	1675.5	2577	1660.5	3576	
@depthModel	1676	2583.5	1660	3584.5	
@depthModel	1676	2593	1660.5	3596.5	
@depthModel	1676	2603	1660.5	3622.5	
@depthModel	1676.5	2608.5	1660.5	3645	
@depthModel	1676.5	2621	1660	3673.5	
@depthModel	1676	2626	1660.5	3696.5	
@depthModel	1676.5	2633.5	1660.5	3705	
@depthModel	1676	2642	1660.5	3726.5	
@depthModel	1676.5	2666	1660.5	3742.5	
@depthModel	1676.5	2665.5	1660.5	3766.5	
@depthModel	1676	2673.5	1660.5	3796	
@depthModel	1676	2686.5	1660.5	3819.5	
@depthModel	1676	2696.5	1660.5	3843.5	
@depthModel	1676	2701	1660.5	3851	
@depthModel	1675.5	2712.5	1660.5	3886.5	
@depthModel	1675.5	2721.5	1661	3900	
@depthModel	1675.5	2725	1660.5	3928	
@depthModel	1675	2732.5	1661	3941	
@depthModel	1675.5	2752	1661	3972.5	
@depthModel	1675	2755	1661	4000.5	
@depthModel	1675.5	2758.5	1661	4000	
@depthModel	1675	2782	1661	4032.5	
@depthModel	1675	2792	1661	4060	
@depthModel	1675	2793	1661	4077.5	
@depthModel	1675	2803	1661	4094.5	
@depthModel	1675	2817	1661	4119	
@depthModel	1675	2827	1661	4123.5	
@depthModel	1675	2832	1661	4160	
@depthModel	1675.5	2836.5	1661	4207	
@depthModel	1675	2849.5	1661	4221	
@depthModel	1675	2853	1661	4224	
@depthModel	1675.5	2857.5	1661	4257.5	
@depthModel	1675.5	2886.5	1661	4258	
@depthModel	1675.5	2896.5	1661	4297	
@depthModel	1675.5	2922.5	1661	4301.5	
@depthModel	1675.5	2912	1661.5	4326	
@depthModel	1675.5	2918.5	1661.5	4351.5	
@depthModel	1675.5	2926.5	1661	4363.5	
@depthModel	1675.5	2936	1661.5	4422.5	
@depthModel	1675.5	2938.5	1661.5	4431	
@depthModel	1675.5	2979	1661.5	4428.5	
@depthModel	1675.5	2959.5	1661.5	4479.5	
@depthModel	1675	2969	1661.5	4513.5	
@depthModel	1675.5	3000.5	1661.5	4495	
@depthModel	1675.5	2993.5	1661.5	4498.5	
@depthModel	1676	3002.5	1661.5	4534	
@depthModel	1676	3012.5	1661.5	4562.5	
@depthModel	1676	3027	1661.5	4621.5	
@depthModel	1676	3044	1661.5	4630	