
T(5)	-1.14	1.14	-2.65	2.65	
U(0,4)	3.98986e-17	4	3.98986e-17	4	
General	
start	
HE-C01	1397	1425.5	1324	1434	
K/HE-C03	1418.5	1437	1408.5	1443	
HE-C04	1431	1491	1418	1625.5	
L	1460.5	1622	1452.5	1635	
M	1454	1615.5	1444.5	1630.5	
HE-C08	1524	1644.5	1510.5	1651.5	
HE-C10	1473	1620.5	1457.5	1631	
HE-C11	1530	1795	1520.5	1800	
HE-C12	1652	1799	1645		
HE-C13	1671.5	1944.5	1666		
end	
U(-2,2)	-2	2	-2	2	
Hochschneid	-2	2	-2	2	
HE-C05	1529	1659	1523	1794.5	
HE-C06	1431.5	1449.5	1424	1455	
HE-C07	1524.5	1657	1509	1794	
HE-C09	1529.5	1791.5	1522	1798	
	
	
@General	-19	40	-103	77.5	
@	
@	5.37764e-17	2.304	5.37764e-17	3.952	
@Hochschneid	-1.97745	-0.297448	-1.97745	1.51855	
@start	1398.5	1415.5	1391	1427.5	
@HE-C01	1398.5	1415.5	1391	1427.5	
@K/HE-C03	1424.5	1439.5	1416	1446	
@HE-C04	1443.5	1464	1430	1474.5	
@L	1485.5	1514	1460	1524.5	
@M	1552.5	1583	1495.5	1608.5	
@HE-C08	1565.5	1592.5	1521	1624.5	
@HE-C10	1600	1623.5	1583	1635.5	
@HE-C11	1618.5	1647.5	1606.5	1660.5	
@HE-C12	1652.5	1675	1642	1787.5	
@HE-C13	1676	1733.5	1666	1808.5	
@end	1676	1733.5	1666	1808.5	
@HE-C05	1530	1658.5	1522	1794.5	
@HE-C06	1431.5	1449.5	1424	1455.5	
@HE-C07	1524.5	1657	1507.5	1794	
@HE-C09	1529.5	1662.5	1521	1798.5	
@depthModel	1399	1415.5	1391.5	1428	
@depthModel	1399.5	1416	1392	1428	
@depthModel	1400	1416	1392.5	1428	
@depthModel	1400	1417	1393	1428	
@depthModel	1400.5	1417.5	1393.5	1428	
@depthModel	1400.5	1418.5	1393.5	1429	
@depthModel	1400.5	1419.5	1394	1429.5	
@depthModel	1400.5	1420.5	1394.5	1430	
@depthModel	1401.5	1420.5	1394.5	1430	
@depthModel	1402	1420.5	1395	1430.5	
@depthModel	1403	1420	1395.5	1431	
@depthModel	1403.5	1420	1396	1431.5	
@depthModel	1404	1420.5	1396	1432	
@depthModel	1404.5	1420.5	1396.5	1432	
@depthModel	1405	1420.5	1396.5	1432	
@depthModel	1405.5	1421	1397	1432.5	
@depthModel	1405.5	1422	1397.5	1432.5	
@depthModel	1405.5	1423	1398	1432.5	
@depthModel	1406	1423.5	1398.5	1432.5	
@depthModel	1406	1424.5	1399	1433	
@depthModel	1406	1425	1399	1434	
@depthModel	1406.5	1425	1399	1434.5	
@depthModel	1407.5	1424.5	1399.5	1434.5	
@depthModel	1408	1425	1400	1435	
@depthModel	1409	1425	1400	1435.5	
@depthModel	1409.5	1425	1400.5	1435.5	
@depthModel	1410	1425.5	1400.5	1436	
@depthModel	1410.5	1426	1401	1436	
@depthModel	1410.5	1426.5	1401.5	1436.5	
@depthModel	1411	1427.5	1402	1436.5	
@depthModel	1411	1428	1402.5	1436.5	
@depthModel	1411	1428.5	1403	1436.5	
@depthModel	1411.5	1429	1403.5	1437	
@depthModel	1411.5	1429.5	1404	1437.5	
@depthModel	1412.5	1429.5	1404.5	1437.5	
@depthModel	1413	1429.5	1404.5	1438.5	
@depthModel	1413.5	1429.5	1405	1438.5	
@depthModel	1414	1430	1405	1439	
@depthModel	1414.5	1430	1405	1439.5	
@depthModel	1415.5	1430.5	1405.5	1440	
@depthModel	1415.5	1431	1405.5	1440	
@depthModel	1416	1431.5	1405.5	1440.5	
@depthModel	1416.5	1432	1406	1440.5	
@depthModel	1416.5	1432.5	1406.5	1440.5	
@depthModel	1417	1433	1407	1440.5	
@depthModel	1417.5	1433.5	1408	1440.5	
@depthModel	1417.5	1433.5	1409	1440.5	
@depthModel	1418	1434	1410	1440.5	
@depthModel	1418.5	1434.5	1410.5	1441	
@depthModel	1419	1434.5	1410.5	1442	
@depthModel	1419.5	1435	1411	1442	
@depthModel	1420	1435	1411.5	1442.5	
@depthModel	1420.5	1435.5	1411.5	1443	
@depthModel	1421	1436	1412.5	1442.5	
@depthModel	1421.5	1436.5	1412.5	1443	
@depthModel	1421.5	1437	1412.5	1444	
@depthModel	1422	1437	1413	1444	
@depthModel	1422.5	1437.5	1413	1444.5	
@depthModel	1423	1437	1413.5	1444.5	
@depthModel	1423.5	1437.5	1414	1445	
@depthModel	1423.5	1438	1414	1445	
@depthModel	1424	1438.5	1415	1445.5	
@depthModel	1424	1439	1415.5	1445.5	
@depthModel	1425	1440	1416.5	1447	
@depthModel	1425.5	1441	1417	1447.5	
@depthModel	1426.5	1441.5	1416.5	1449.5	
@depthModel	1427	1442.5	1416	1450.5	
@depthModel	1427	1443.5	1417	1451	
@depthModel	1427	1444.5	1418	1451.5	
@depthModel	1427.5	1445	1418.5	1453	
@depthModel	1429	1445.5	1418.5	1454	
@depthModel	1430.5	1445.5	1419	1455	
@depthModel	1430.5	1447	1419.5	1455.5	
@depthModel	1431	1448	1420.5	1456.5	
@depthModel	1430.5	1449.5	1420.5	1458	
@depthModel	1430.5	1450.5	1420.5	1459.5	
@depthModel	1431.5	1450.5	1420.5	1460.5	
@depthModel	1433	1451	1421	1461	
@depthModel	1434.5	1451	1421.5	1461.5	
@depthModel	1434.5	1452.5	1422	1462.5	
@depthModel	1434.5	1453.5	1423	1463	
@depthModel	1435	1454.5	1423.5	1463.5	
@depthModel	1435.5	1455.5	1424	1464.5	
@depthModel	1436	1456	1424.5	1465	
@depthModel	1437.5	1456	1425.5	1465.5	
@depthModel	1439	1456.5	1425.5	1467	
@depthModel	1439	1457.5	1425.5	1468.5	
@depthModel	1439	1459	1426	1469.5	
@depthModel	1439.5	1459.5	1426.5	1470	
@depthModel	1440	1460	1427.5	1470	
@depthModel	1441	1460.5	1428.5	1470.5	
@depthModel	1442	1461.5	1429.5	1471	
@depthModel	1443	1462	1430	1472	
@depthModel	1443.5	1462.5	1430	1473.5	
@depthModel	1444	1464.5	1430.5	1475.5	
@depthModel	1444.5	1465	1431	1476	
@depthModel	1445.5	1466	1431.5	1477	
@depthModel	1446.5	1466.5	1432	1478	
@depthModel	1447.5	1467.5	1432	1479	
@depthModel	1447	1469	1432.5	1480	
@depthModel	1447	1469.5	1432.5	1480.5	
@depthModel	1448	1470	1433.5	1481	
@depthModel	1449.5	1470.5	1434.5	1481.5	
@depthModel	1450.5	1471.5	1434.5	1483	
@depthModel	1451	1472.5	1434.5	1484.5	
@depthModel	1451	1473.5	1435	1485	
@depthModel	1450.5	1474.5	1435.5	1485.5	
@depthModel	1450.5	1475.5	1435.5	1487	
@depthModel	1452.5	1475.5	1435.5	1488.5	
@depthModel	1455	1476	1435.5	1490	
@depthModel	1455	1477	1436	1490.5	
@depthModel	1455	1478	1436.5	1491	
@depthModel	1454.5	1479.5	1437.5	1491.5	
@depthModel	1455	1480	1438	1492	
@depthModel	1456	1480.5	1439	1492.5	
@depthModel	1457.5	1481	1439	1494	
@depthModel	1459	1481.5	1439.5	1495	
@depthModel	1459	1483	1440	1495.5	
@depthModel	1459	1484	1440.5	1496	
@depthModel	1459	1485	1440.5	1497.5	
@depthModel	1459.5	1485.5	1441	1499	
@depthModel	1461	1486	1440.5	1500.5	
@depthModel	1462.5	1486.5	1441	1500.5	
@depthModel	1463	1487.5	1442	1501	
@depthModel	1463	1488.5	1443	1501.5	
@depthModel	1462.5	1489.5	1443.5	1502	
@depthModel	1463.5	1490	1444	1503	
@depthModel	1465	1490.5	1444.5	1504	
@depthModel	1466	1491.5	1445	1505	
@depthModel	1467	1492	1445.5	1505.5	
@depthModel	1467.5	1493	1446	1506.5	
@depthModel	1467.5	1494	1446.5	1507	
@depthModel	1467	1495	1447	1508	
@depthModel	1468.5	1495.5	1447	1509	
@depthModel	1470.5	1495.5	1448	1509.5	
@depthModel	1471	1496.5	1448.5	1510	
@depthModel	1471.5	1497.5	1449.5	1510.5	
@depthModel	1471.5	1498.5	1450.5	1510.5	
@depthModel	1471.5	1499.5	1450.5	1512	
@depthModel	1472	1500	1450.5	1513	
@depthModel	1473.5	1500.5	1450.5	1514.5	
@depthModel	1475.5	1501	1451	1515.5	
@depthModel	1476	1502	1452	1515.5	
@depthModel	1476	1503	1453	1515.5	
@depthModel	1476	1504	1454	1515.5	
@depthModel	1476	1505	1455	1516	
@depthModel	1476.5	1505.5	1455.5	1517	
@depthModel	1479	1505.5	1455	1518.5	
@depthModel	1480.5	1506	1455.5	1519.5	
@depthModel	1480.5	1507.5	1455.5	1520	
@depthModel	1480.5	1508.5	1456	1520.5	
@depthModel	1480.5	1509.5	1457	1520.5	
@depthModel	1480.5	1510	1458	1521	
@depthModel	1481.5	1510.5	1459	1521.5	
@depthModel	1484	1510.5	1459.5	1522	
@depthModel	1485	1512	1459.5	1523	
@depthModel	1485.5	1513	1460	1523.5	
@depthModel	1485	1514.5	1460	1525	
@depthModel	1485.5	1515	1460	1525.5	
@depthModel	1485.5	1515.5	1461	1526	
@depthModel	1487	1515.5	1461.5	1526.5	
@depthModel	1488.5	1516	1461.5	1527	
@depthModel	1489.5	1516.5	1461.5	1528	
@depthModel	1489.5	1517.5	1460.5	1529.5	
@depthModel	1489.5	1518.5	1460.5	1530	
@depthModel	1489.5	1519	1460.5	1530.5	
@depthModel	1489	1519.5	1461.5	1531	
@depthModel	1489.5	1520	1462	1531.5	
@depthModel	1490.5	1520.5	1462	1532.5	
@depthModel	1491.5	1521	1462	1534	
@depthModel	1492.5	1521	1461.5	1535	
@depthModel	1493.5	1521.5	1462	1535	
@depthModel	1493.5	1522.5	1462.5	1535.5	
@depthModel	1493.5	1523.5	1463.5	1536	
@depthModel	1493.5	1524	1464	1536.5	
@depthModel	1493	1524.5	1464	1537.5	
@depthModel	1493.5	1525	1464	1538.5	
@depthModel	1495	1525.5	1464	1539.5	
@depthModel	1496	1526	1464.5	1540	
@depthModel	1496.5	1526.5	1465	1540.5	
@depthModel	1497.5	1527	1465.5	1541	
@depthModel	1497.5	1527.5	1465.5	1542	
@depthModel	1497.5	1528.5	1465.5	1543.5	
@depthModel	1497.5	1529	1465.5	1544.5	
@depthModel	1497	1530	1465.5	1545.5	
@depthModel	1497.5	1530	1466	1546	
@depthModel	1499	1530.5	1466.5	1546.5	
@depthModel	1500.5	1531	1467	1547.5	
@depthModel	1501	1531.5	1467	1548.5	
@depthModel	1501	1532	1468	1548.5	
@depthModel	1501.5	1533	1468	1549.5	
@depthModel	1501.5	1533.5	1468.5	1549.5	
@depthModel	1501.5	1534.5	1469	1550	
@depthModel	1501	1535	1469.5	1550.5	
@depthModel	1501.5	1535.5	1470.5	1550.5	
@depthModel	1503	1535.5	1470	1552	
@depthModel	1505.5	1535.5	1470	1553	
@depthModel	1505.5	1536.5	1470	1554	
@depthModel	1505.5	1537.5	1470	1555	
@depthModel	1505.5	1538.5	1470.5	1555.5	
@depthModel	1505.5	1539	1471	1556	
@depthModel	1505.5	1539.5	1471.5	1556.5	
@depthModel	1505.5	1540	1472	1557.5	
@depthModel	1506	1540.5	1472	1558.5	
@depthModel	1508	1540.5	1472	1559	
@depthModel	1509.5	1541	1473	1559.5	
@depthModel	1510	1542	1473	1560	
@depthModel	1509.5	1543	1473.5	1560	
@depthModel	1509.5	1543.5	1474	1560.5	
@depthModel	1509.5	1544.5	1475	1560.5	
@depthModel	1510	1545	1475.5	1561	
@depthModel	1510.5	1545.5	1475	1562.5	
@depthModel	1511.5	1545.5	1475.5	1563.5	
@depthModel	1513	1546	1475	1564.5	
@depthModel	1514	1546.5	1475.5	1565	
@depthModel	1514	1547.5	1475.5	1565.5	
@depthModel	1514	1548	1476	1566	
@depthModel	1514	1549	1476.5	1567	
@depthModel	1514	1549.5	1477	1567.5	
@depthModel	1514.5	1550	1477	1568.5	
@depthModel	1515.5	1550.5	1478	1568.5	
@depthModel	1516.5	1551	1478	1569	
@depthModel	1517.5	1551	1478.5	1569.5	
@depthModel	1518.5	1551.5	1479	1570	
@depthModel	1519	1552.5	1479.5	1570.5	
@depthModel	1519	1553.5	1480.5	1570.5	
@depthModel	1518.5	1554.5	1480.5	1571.5	
@depthModel	1519	1555	1480.5	1572.5	
@depthModel	1520	1555.5	1480.5	1573.5	
@depthModel	1521	1556	1480.5	1574.5	
@depthModel	1521.5	1556	1480.5	1575.5	
@depthModel	1522	1556.5	1481	1575.5	
@depthModel	1523	1557	1481.5	1575.5	
@depthModel	1524	1557.5	1482.5	1576	
@depthModel	1524	1558.5	1482.5	1576	
@depthModel	1524	1559.5	1483.5	1576.5	
@depthModel	1524.5	1560	1483.5	1577	
@depthModel	1525.5	1560.5	1484	1577.5	
@depthModel	1526	1561	1484	1578.5	
@depthModel	1526.5	1561	1484.5	1579	
@depthModel	1527.5	1561.5	1484.5	1579.5	
@depthModel	1528	1561.5	1485	1580	
@depthModel	1529	1562	1485	1580.5	
@depthModel	1529	1563.5	1485.5	1580.5	
@depthModel	1529.5	1564	1486	1581	
@depthModel	1530	1565	1486	1581.5	
@depthModel	1530.5	1565.5	1486.5	1582.5	
@depthModel	1531	1566	1486.5	1583	
@depthModel	1531.5	1566	1486.5	1584	
@depthModel	1532	1566.5	1486.5	1584.5	
@depthModel	1533	1567	1487	1585	
@depthModel	1534	1567	1487.5	1585.5	
@depthModel	1534.5	1567.5	1488	1585.5	
@depthModel	1535	1568.5	1489	1585.5	
@depthModel	1535	1569.5	1490	1585.5	
@depthModel	1535.5	1570	1490.5	1586	
@depthModel	1535.5	1570.5	1490	1587	
@depthModel	1536.5	1570.5	1490	1587.5	
@depthModel	1537	1571	1490.5	1588.5	
@depthModel	1538	1571	1490	1589.5	
@depthModel	1539	1571	1490.5	1590	
@depthModel	1540	1571	1490.5	1590.5	
@depthModel	1540	1572.5	1491	1591	
@depthModel	1540.5	1573.5	1491.5	1591	
@depthModel	1540.5	1574.5	1492	1591.5	
@depthModel	1540.5	1575.5	1492.5	1592	
@depthModel	1541	1575.5	1493	1592	
@depthModel	1542	1575.5	1493	1593	
@depthModel	1543	1575.5	1493.5	1593.5	
@depthModel	1544	1575.5	1493.5	1594	
@depthModel	1545.5	1575.5	1494	1594.5	
@depthModel	1545.5	1577	1494.5	1595	
@depthModel	1545.5	1578	1495	1595.5	
@depthModel	1546	1578.5	1495.5	1595.5	
@depthModel	1546	1579.5	1495.5	1596	
@depthModel	1546.5	1579.5	1495.5	1597	
@depthModel	1547.5	1579.5	1495.5	1598.5	
@depthModel	1548	1580	1495.5	1599	
@depthModel	1549	1580	1495.5	1600	
@depthModel	1550	1580.5	1495.5	1601	
@depthModel	1550.5	1581	1495.5	1602.5	
@depthModel	1551	1582	1495.5	1605.5	
@depthModel	1551	1582.5	1496	1606	
@depthModel	1551.5	1583	1495.5	1607.5	
@depthModel	1553	1583	1498	1605.5	
@depthModel	1553.5	1583	1499	1605	
@depthModel	1553.5	1583.5	1499.5	1605	
@depthModel	1554	1584	1500.5	1604	
@depthModel	1554	1584.5	1501	1605	
@depthModel	1554.5	1585	1501.5	1604	
@depthModel	1555	1585	1502.5	1604	
@depthModel	1555.5	1585.5	1503	1603.5	
@depthModel	1555.5	1586	1504	1603	
@depthModel	1556	1586.5	1504.5	1603.5	
@depthModel	1556.5	1586.5	1505	1604	
@depthModel	1556.5	1587	1505.5	1605	
@depthModel	1557.5	1586.5	1505.5	1606.5	
@depthModel	1558	1587	1506	1606	
@depthModel	1558.5	1587	1507	1605.5	
@depthModel	1559	1587	1507.5	1605	
@depthModel	1559	1588	1508.5	1605	
@depthModel	1559.5	1588.5	1509.5	1605	
@depthModel	1559.5	1589	1510	1605	
@depthModel	1559.5	1589.5	1510.5	1616	
@depthModel	1560	1590	1511.5	1617	
@depthModel	1560.5	1590.5	1512.5	1605	
@depthModel	1560.5	1590.5	1513.5	1605	
@depthModel	1561	1591	1515	1604.5	
@depthModel	1561.5	1591	1515.5	1621.5	
@depthModel	1562.5	1591	1516.5	1621.5	
@depthModel	1563	1591	1517.5	1621.5	
@depthModel	1564	1591	1518	1621.5	
@depthModel	1564.5	1591	1519.5	1604.5	
@depthModel	1565	1591.5	1520.5	1622	
@depthModel	1565	1592.5	1520.5	1623.5	
@depthModel	1565.5	1593.5	1521.5	1624	
@depthModel	1565.5	1594.5	1522.5	1622.5	
@depthModel	1565.5	1595	1523.5	1605.5	
@depthModel	1566	1595.5	1524	1607.5	
@depthModel	1566.5	1595.5	1524.5	1608.5	
@depthModel	1567.5	1596	1525.5	1609.5	
@depthModel	1568.5	1596	1525.5	1610.5	
@depthModel	1569.5	1596	1526.5	1611.5	
@depthModel	1570	1597	1527	1612.5	
@depthModel	1570	1598	1528	1613	
@depthModel	1570	1598.5	1529	1613.5	
@depthModel	1570.5	1599.5	1529.5	1614.5	
@depthModel	1570.5	1600	1530	1615	
@depthModel	1571	1600.5	1531	1619.5	
@depthModel	1572	1600.5	1533	1619	
@depthModel	1573	1600.5	1534.5	1619.5	
@depthModel	1574	1601	1535.5	1620.5	
@depthModel	1575	1601	1536.5	1622	
@depthModel	1575.5	1601.5	1538	1622.5	
@depthModel	1575.5	1603	1539.5	1623	
@depthModel	1575.5	1603.5	1540.5	1624.5	
@depthModel	1575.5	1604.5	1541.5	1625.5	
@depthModel	1575.5	1605.5	1543.5	1625.5	
@depthModel	1576.5	1605.5	1545.5	1625.5	
@depthModel	1577.5	1605.5	1546	1626	
@depthModel	1578.5	1605.5	1547	1626	
@depthModel	1579.5	1605.5	1548.5	1626	
@depthModel	1580.5	1606	1549	1626.5	
@depthModel	1580.5	1607	1549.5	1627	
@depthModel	1580.5	1608	1550	1627.5	
@depthModel	1581	1608.5	1550.5	1628	
@depthModel	1581	1609.5	1551	1628.5	
@depthModel	1581.5	1610	1552	1629	
@depthModel	1582.5	1610	1553	1629	
@depthModel	1583.5	1610	1553.5	1629.5	
@depthModel	1584.5	1610	1555	1629.5	
@depthModel	1585	1610.5	1555.5	1630	
@depthModel	1585.5	1611.5	1556	1630.5	
@depthModel	1586	1612	1558.5	1630.5	
@depthModel	1586.5	1612.5	1560	1630.5	
@depthModel	1586.5	1613.5	1561	1630.5	
@depthModel	1587	1614	1562.5	1631	
@depthModel	1587.5	1614.5	1564.5	1631	
@depthModel	1588.5	1614.5	1565.5	1631	
@depthModel	1589.5	1614.5	1566	1631.5	
@depthModel	1590	1615	1567	1631.5	
@depthModel	1590.5	1615.5	1568	1632	
@depthModel	1591	1616.5	1569	1632.5	
@depthModel	1592	1616.5	1570	1632.5	
@depthModel	1592.5	1617	1571	1632.5	
@depthModel	1593	1617.5	1571.5	1633	
@depthModel	1593.5	1618	1572.5	1633	
@depthModel	1594	1618.5	1573.5	1633	
@depthModel	1594.5	1619	1574.5	1633.5	
@depthModel	1594.5	1619.5	1575.5	1633.5	
@depthModel	1595	1620	1576.5	1633.5	
@depthModel	1595.5	1620.5	1577.5	1634	
@depthModel	1596.5	1621	1578	1634	
@depthModel	1597.5	1621	1579	1634.5	
@depthModel	1598.5	1621	1579.5	1634.5	
@depthModel	1599.5	1621.5	1580.5	1635	
@depthModel	1599.5	1622	1581.5	1635	
@depthModel	1600	1622.5	1582	1635	
@depthModel	1600	1624.5	1585.5	1636	
@depthModel	1600.5	1625.5	1586	1637.5	
@depthModel	1601.5	1626	1585.5	1639.5	
@depthModel	1602	1626.5	1585.5	1640.5	
@depthModel	1603	1626.5	1587	1641.5	
@depthModel	1603.5	1627.5	1587.5	1643	
@depthModel	1604	1628	1587.5	1645	
@depthModel	1604	1629	1589.5	1645.5	
@depthModel	1604.5	1629.5	1590.5	1646.5	
@depthModel	1605.5	1630.5	1591	1647.5	
@depthModel	1606	1631	1591	1649	
@depthModel	1606	1632	1591	1650	
@depthModel	1606.5	1633	1592.5	1650.5	
@depthModel	1607	1634	1594	1650.5	
@depthModel	1607	1634.5	1595.5	1651.5	
@depthModel	1607.5	1635	1595.5	1653	
@depthModel	1609	1635.5	1595.5	1654	
@depthModel	1610.5	1635.5	1596	1654	
@depthModel	1610.5	1637	1597	1654.5	
@depthModel	1611	1638.5	1598	1654.5	
@depthModel	1610.5	1640	1599	1655	
@depthModel	1611.5	1640.5	1600.5	1655.5	
@depthModel	1612.5	1640.5	1601	1656	
@depthModel	1614	1640.5	1601	1657	
@depthModel	1615	1640.5	1602	1657	
@depthModel	1615.5	1642	1603	1657	
@depthModel	1615.5	1643.5	1604	1657	
@depthModel	1615.5	1645	1604.5	1658	
@depthModel	1616.5	1645.5	1605	1659	
@depthModel	1618	1645.5	1605.5	1660	
@depthModel	1619	1646	1605.5	1660.5	
@depthModel	1619	1648	1607	1660.5	
@depthModel	1619.5	1648	1607.5	1661	
@depthModel	1620.5	1648.5	1608	1661.5	
@depthModel	1620.5	1649.5	1609	1662	
@depthModel	1620.5	1650.5	1609	1663.5	
@depthModel	1621.5	1650.5	1609.5	1664.5	
@depthModel	1622.5	1650.5	1609.5	1665	
@depthModel	1623.5	1650.5	1610.5	1665.5	
@depthModel	1624.5	1650.5	1610.5	1666.5	
@depthModel	1625.5	1650.5	1611	1668	
@depthModel	1626	1651.5	1611	1669	
@depthModel	1626	1652.5	1611	1670	
@depthModel	1626.5	1653.5	1611	1670.5	
@depthModel	1627	1654	1611.5	1671	
@depthModel	1627	1654.5	1612	1671.5	
@depthModel	1628	1654.5	1612.5	1672	
@depthModel	1629	1655	1613	1672.5	
@depthModel	1629.5	1655	1613.5	1673	
@depthModel	1630.5	1655.5	1613.5	1674.5	
@depthModel	1631.5	1656.5	1614.5	1675	
@depthModel	1632	1657	1615	1675.5	
@depthModel	1632.5	1657.5	1615.5	1676.5	
@depthModel	1633	1658	1615.5	1678.5	
@depthModel	1633	1658.5	1615.5	1679.5	
@depthModel	1633.5	1659	1615.5	1680.5	
@depthModel	1634	1659.5	1615.5	1681	
@depthModel	1635	1660	1616	1682.5	
@depthModel	1635.5	1660.5	1616	1683.5	
@depthModel	1636.5	1661	1616	1684	
@depthModel	1637.5	1661.5	1616.5	1684.5	
@depthModel	1638	1661.5	1617	1685	
@depthModel	1638.5	1662	1617	1685.5	
@depthModel	1638.5	1663	1617.5	1686.5	
@depthModel	1639	1663.5	1618	1687	
@depthModel	1639.5	1664	1618.5	1686.5	
@depthModel	1640	1664.5	1619.5	1687	
@depthModel	1640.5	1665.5	1620	1686	
@depthModel	1641	1666	1621	1725	
@depthModel	1642	1666	1621.5	1727	
@depthModel	1642.5	1666.5	1622	1728	
@depthModel	1643	1666.5	1623	1730	
@depthModel	1643.5	1667	1624	1731.5	
@depthModel	1644	1667	1625	1731.5	
@depthModel	1644.5	1667	1625.5	1736	
@depthModel	1645	1668	1626	1736.5	
@depthModel	1645	1669	1627	1739	
@depthModel	1645.5	1670	1627.5	1740.5	
@depthModel	1645.5	1670.5	1628.5	1742	
@depthModel	1646	1671	1629.5	1742	
@depthModel	1646.5	1671	1630.5	1745.5	
@depthModel	1647	1671.5	1631	1745.5	
@depthModel	1647	1671.5	1631.5	1746	
@depthModel	1647.5	1671.5	1632.5	1746	
@depthModel	1648.5	1671.5	1633.5	1746.5	
@depthModel	1649	1671.5	1634.5	1747	
@depthModel	1649.5	1671.5	1635.5	1748	
@depthModel	1650	1671.5	1636	1747.5	
@depthModel	1650.5	1673	1636.5	1748	
@depthModel	1650.5	1674.5	1637.5	1748	
@depthModel	1650.5	1675.5	1639	1747.5	
@depthModel	1651	1680.5	1640.5	1748.5	
@depthModel	1651.5	1675	1641	1748.5	
@depthModel	1652	1675	1641.5	1748.5	
@depthModel	1652.5	1680.5	1642.5	1790	
@depthModel	1653.5	1676.5	1643	1787.5	
@depthModel	1654	1677	1643	1787.5	
@depthModel	1654.5	1677.5	1643.5	1788	
@depthModel	1655	1677.5	1644.5	1751	
@depthModel	1655	1678.5	1645	1751.5	
@depthModel	1655.5	1679.5	1645.5	1792	
@depthModel	1655.5	1680	1645.5	1793.5	
@depthModel	1655.5	1686	1646	1794.5	
@depthModel	1656	1683	1646	1794.5	
@depthModel	1656.5	1681	1646	1795.5	
@depthModel	1657	1681	1646	1795.5	
@depthModel	1657.5	1682	1646.5	1796	
@depthModel	1658	1682.5	1646.5	1796.5	
@depthModel	1658	1683.5	1647	1796	
@depthModel	1658	1684	1647	1796.5	
@depthModel	1658.5	1684.5	1647.5	1797	
@depthModel	1659	1684.5	1648	1797	
@depthModel	1659.5	1684.5	1648.5	1796.5	
@depthModel	1660	1685	1648.5	1796.5	
@depthModel	1660.5	1697	1649	1797	
@depthModel	1661	1697.5	1649.5	1755.5	
@depthModel	1661	1698.5	1650	1796.5	
@depthModel	1661.5	1701	1650.5	1797.5	
@depthModel	1661.5	1701.5	1650.5	1797.5	
@depthModel	1662	1702	1651	1797.5	
@depthModel	1662	1703.5	1651	1798	
@depthModel	1662	1704.5	1651	1797.5	
@depthModel	1663	1704.5	1651.5	1758	
@depthModel	1663.5	1705.5	1652	1758	
@depthModel	1664	1706	1652	1758	
@depthModel	1664.5	1706	1652.5	1758	
@depthModel	1665	1706.5	1653	1758	
@depthModel	1665	1707.5	1653.5	1758	
@depthModel	1665.5	1709.5	1654	1758.5	
@depthModel	1665.5	1710.5	1654.5	1759	
@depthModel	1666	1711.5	1654.5	1760	
@depthModel	1666.5	1712	1655.5	1760	
@depthModel	1666.5	1713	1655.5	1801	
@depthModel	1667	1714	1656	1760.5	
@depthModel	1667	1714.5	1656	1761	
@depthModel	1668	1715	1656.5	1761	
@depthModel	1668.5	1714.5	1657	1761.5	
@depthModel	1669.5	1714.5	1657	1762	
@depthModel	1669.5	1716.5	1657.5	1801.5	
@depthModel	1669.5	1717.5	1658	1802	
@depthModel	1669.5	1719.5	1658	1802.5	
@depthModel	1669.5	1720.5	1658.5	1803	
@depthModel	1670.5	1721	1659.5	1803.5	
@depthModel	1670.5	1722	1660	1804.5	
@depthModel	1671.5	1722.5	1660.5	1805.5	
@depthModel	1671.5	1723	1661	1805.5	
@depthModel	1671.5	1724.5	1661	1805.5	
@depthModel	1672	1725.5	1661.5	1805.5	
@depthModel	1672.5	1726.5	1662	1806	
@depthModel	1672.5	1727.5	1662.5	1806	
@depthModel	1673.5	1727.5	1663	1806	
@depthModel	1674	1728	1663.5	1806	
@depthModel	1674.5	1729	1664	1806	
@depthModel	1674.5	1730	1665	1806.5	
@depthModel	1675.5	1730.5	1665.5	1807	
@depthModel	1675.5	1731.5	1665.5	1808	
@depthModel	1676	1732.5	1666	1808.5	