
T(5)	-1.14	1.14	-2.65	2.65	
U(0,4)	3.98986e-17	4	3.98986e-17	4	
General	
start	
HE-C01	1397	1425.5	1324	1434	
K/HE-C03	1418.5	1437	1408.5	1443	
HE-C04	1431	1491	1418	1625.5	
L/HE-C05	1524.5	1643.5	1516.5	1649.5	
HE-C06	1431.5	1449.5	1424	1455	
M/HE-C07	1501.5	1634	1488	1637.5	
HE-C08	1524	1644.5	1510.5	1651.5	
HE-C09	1529.5	1791.5	1522	1798	
HE-C10	1473	1620.5	1457.5	1631	
HE-C11	1530	1795	1520.5	1800	
HE-C12	1652	1799	1645		
HE-C13	1671.5	1944.5	1666		
end	
U(-2,2)	-2	2	-2	2	
Hochschneid	-2	2	-2	2	
	
	
@General	-134	56	-170	91	
@	
@	1.608	2.336	1.364	3.308	
@Hochschneid	-1.8903	-1.3023	-1.8903	1.7617	
@start	1400	1419.5	1391	1432.5	
@HE-C01	1400	1419.5	1391	1432.5	
@K/HE-C03	1423	1439.5	1415	1445.5	
@HE-C04	1440.5	1470	1426.5	1490.5	
@L/HE-C05	1495.5	1540.5	1441	1562	
@HE-C06	1520.5	1562.5	1445	1603.5	
@M/HE-C07	1540.5	1585.5	1515.5	1635	
@HE-C08	1551	1636.5	1527	1643.5	
@HE-C09	1563	1647	1543	1653.5	
@HE-C10	1591	1632	1569.5	1660.5	
@HE-C11	1620.5	1657.5	1583.5	1669.5	
@HE-C12	1651	1675.5	1642	1796.5	
@HE-C13	1670.5	1738	1664	1842.5	
@end	1670.5	1738	1664	1842.5	
@depthModel	1400.5	1420	1391	1432.5	
@depthModel	1400.5	1420.5	1391.5	1432.5	
@depthModel	1401	1421	1391.5	1433	
@depthModel	1401.5	1421	1392	1433	
@depthModel	1402	1421	1392	1433	
@depthModel	1402.5	1421.5	1392.5	1433.5	
@depthModel	1403	1421.5	1393	1433.5	
@depthModel	1403	1422	1393	1434	
@depthModel	1403.5	1422	1393.5	1434.5	
@depthModel	1404	1422	1393.5	1434.5	
@depthModel	1404.5	1422.5	1394	1435	
@depthModel	1404.5	1423	1394.5	1435	
@depthModel	1404.5	1423.5	1394.5	1435.5	
@depthModel	1405	1424	1395	1435.5	
@depthModel	1405	1424.5	1395.5	1436	
@depthModel	1405.5	1425	1395.5	1436.5	
@depthModel	1405.5	1425.5	1396	1436.5	
@depthModel	1406	1426	1396	1437	
@depthModel	1406.5	1426	1396.5	1437	
@depthModel	1407	1426	1396.5	1437.5	
@depthModel	1408	1426	1397	1437.5	
@depthModel	1408.5	1426.5	1397	1437.5	
@depthModel	1409	1426.5	1397.5	1438	
@depthModel	1409	1427	1398	1438	
@depthModel	1409.5	1427	1398.5	1438	
@depthModel	1409.5	1427.5	1398.5	1438.5	
@depthModel	1410	1428	1399	1439	
@depthModel	1410	1429	1399	1439	
@depthModel	1410	1429.5	1399	1439.5	
@depthModel	1410	1430	1399.5	1440	
@depthModel	1410.5	1430.5	1399.5	1440	
@depthModel	1411	1430.5	1400	1440	
@depthModel	1411.5	1431	1400	1440.5	
@depthModel	1412	1431	1400.5	1440.5	
@depthModel	1412.5	1431	1401	1441	
@depthModel	1413.5	1431	1401.5	1441	
@depthModel	1414.5	1431	1401.5	1441	
@depthModel	1415	1431	1402.5	1441	
@depthModel	1415	1431.5	1403	1441	
@depthModel	1415	1432.5	1403.5	1441	
@depthModel	1415	1433	1404.5	1441	
@depthModel	1415	1433.5	1405.5	1441	
@depthModel	1415.5	1434	1405.5	1441.5	
@depthModel	1415.5	1434.5	1405.5	1442	
@depthModel	1415.5	1435	1406	1442.5	
@depthModel	1416	1435.5	1406	1443	
@depthModel	1416.5	1435.5	1406.5	1443	
@depthModel	1417	1435.5	1407	1443	
@depthModel	1418	1435.5	1407.5	1443	
@depthModel	1418.5	1435.5	1407.5	1443.5	
@depthModel	1419	1435.5	1408	1444	
@depthModel	1420	1435.5	1408.5	1444	
@depthModel	1420.5	1436	1408.5	1444.5	
@depthModel	1420.5	1436.5	1409.5	1444.5	
@depthModel	1420.5	1437	1409.5	1444.5	
@depthModel	1421	1437.5	1409.5	1445	
@depthModel	1421	1437.5	1410	1445	
@depthModel	1421	1438	1410.5	1445.5	
@depthModel	1421.5	1438.5	1410.5	1445.5	
@depthModel	1421.5	1439	1411.5	1445.5	
@depthModel	1421.5	1439.5	1412	1445.5	
@depthModel	1422.5	1439.5	1413	1445.5	
@depthModel	1422.5	1439.5	1414	1445.5	
@depthModel	1423.5	1440	1414.5	1448	
@depthModel	1424.5	1440.5	1413.5	1450	
@depthModel	1425.5	1441	1414	1450.5	
@depthModel	1425	1442.5	1414	1453.5	
@depthModel	1425	1443.5	1414	1455	
@depthModel	1425	1445	1415	1455.5	
@depthModel	1425.5	1445.5	1415	1458.5	
@depthModel	1426	1446.5	1415	1460.5	
@depthModel	1426.5	1447.5	1415.5	1462	
@depthModel	1427	1448.5	1415.5	1465	
@depthModel	1427	1449.5	1416	1466	
@depthModel	1427.5	1450	1416	1467.5	
@depthModel	1429	1450.5	1417	1468.5	
@depthModel	1430	1451	1417.5	1469.5	
@depthModel	1430	1453	1418	1470.5	
@depthModel	1430	1454	1418.5	1471.5	
@depthModel	1430	1455	1419.5	1472	
@depthModel	1431	1456	1419.5	1474.5	
@depthModel	1432	1457	1420.5	1475.5	
@depthModel	1432	1458	1420.5	1477	
@depthModel	1433	1459	1421	1479	
@depthModel	1433.5	1459.5	1421	1480	
@depthModel	1434.5	1460.5	1421.5	1480.5	
@depthModel	1435.5	1460.5	1422	1481	
@depthModel	1435.5	1462.5	1423	1481.5	
@depthModel	1436	1464	1424	1482	
@depthModel	1436	1465.5	1424.5	1483.5	
@depthModel	1437.5	1465.5	1425	1485	
@depthModel	1439	1465.5	1425.5	1486	
@depthModel	1440	1466	1425.5	1488.5	
@depthModel	1440.5	1468	1426	1490	
@depthModel	1441	1471	1427.5	1491.5	
@depthModel	1441.5	1471.5	1427.5	1493	
@depthModel	1442.5	1473	1428	1494.5	
@depthModel	1443	1473.5	1428.5	1496	
@depthModel	1443.5	1475	1429.5	1497	
@depthModel	1444.5	1475.5	1429.5	1499.5	
@depthModel	1445	1477	1430	1500.5	
@depthModel	1445	1478.5	1430	1503	
@depthModel	1445.5	1480.5	1430	1505	
@depthModel	1446.5	1481.5	1430.5	1506.5	
@depthModel	1447	1482.5	1430.5	1509	
@depthModel	1447.5	1484	1431	1510.5	
@depthModel	1448.5	1485	1431.5	1511.5	
@depthModel	1450	1485.5	1432	1513	
@depthModel	1450	1487.5	1432.5	1514	
@depthModel	1450.5	1489.5	1433	1515.5	
@depthModel	1451	1491	1434	1516	
@depthModel	1452	1492	1434.5	1517.5	
@depthModel	1453.5	1493	1435	1519	
@depthModel	1454	1494.5	1435.5	1520.5	
@depthModel	1455.5	1495.5	1436	1521.5	
@depthModel	1456	1497.5	1436	1523	
@depthModel	1456	1499.5	1435.5	1525.5	
@depthModel	1457.5	1500	1437	1526	
@depthModel	1459	1500.5	1438	1526.5	
@depthModel	1460	1502	1438.5	1527.5	
@depthModel	1460.5	1505	1438.5	1529	
@depthModel	1461.5	1506	1439	1530	
@depthModel	1462.5	1507	1440.5	1530.5	
@depthModel	1464.5	1507	1440.5	1532	
@depthModel	1465	1509.5	1440.5	1533	
@depthModel	1465.5	1511	1440	1534.5	
@depthModel	1466.5	1513	1440.5	1535.5	
@depthModel	1468	1513	1442.5	1536	
@depthModel	1469.5	1513.5	1444	1536.5	
@depthModel	1470.5	1515.5	1443.5	1538	
@depthModel	1471	1517.5	1443	1539.5	
@depthModel	1472	1518	1443	1540.5	
@depthModel	1473.5	1518	1446	1541	
@depthModel	1474.5	1519	1447	1542	
@depthModel	1475.5	1521.5	1446.5	1543	
@depthModel	1476	1523.5	1446.5	1544.5	
@depthModel	1477.5	1523	1446	1545.5	
@depthModel	1479	1523	1450.5	1546	
@depthModel	1480	1524	1450.5	1547.5	
@depthModel	1481	1526.5	1451	1548.5	
@depthModel	1481.5	1527.5	1451.5	1549.5	
@depthModel	1482.5	1528	1452	1550.5	
@depthModel	1483.5	1528	1455	1550.5	
@depthModel	1485	1529	1455.5	1552	
@depthModel	1485.5	1530.5	1456.5	1553	
@depthModel	1486.5	1531	1457.5	1553.5	
@depthModel	1487.5	1532	1458.5	1554.5	
@depthModel	1488	1532.5	1459.5	1555	
@depthModel	1489	1533.5	1440.5	1555.5	
@depthModel	1489.5	1534	1461.5	1556.5	
@depthModel	1490.5	1535	1462.5	1557	
@depthModel	1491.5	1536	1464	1557.5	
@depthModel	1492.5	1536.5	1465	1558.5	
@depthModel	1493	1537.5	1440.5	1559	
@depthModel	1493.5	1538.5	1440	1560	
@depthModel	1494	1539.5	1440	1560.5	
@depthModel	1494.5	1540.5	1441	1560.5	
@depthModel	1495.5	1541.5	1440.5	1563	
@depthModel	1496	1542	1440.5	1564	
@depthModel	1496.5	1542.5	1440.5	1564.5	
@depthModel	1497	1542.5	1440	1565.5	
@depthModel	1497.5	1543	1440.5	1566	
@depthModel	1498	1543	1441	1567	
@depthModel	1498.5	1543	1440.5	1568	
@depthModel	1499	1543.5	1440.5	1569	
@depthModel	1499.5	1543.5	1440.5	1569.5	
@depthModel	1499.5	1544	1440.5	1570	
@depthModel	1500	1544	1441	1570.5	
@depthModel	1500.5	1544.5	1441.5	1571	
@depthModel	1500.5	1545.5	1441.5	1571.5	
@depthModel	1501.5	1545.5	1441.5	1572.5	
@depthModel	1502	1545.5	1441	1573	
@depthModel	1502.5	1545.5	1441	1574	
@depthModel	1503	1545.5	1440.5	1574.5	
@depthModel	1503.5	1545.5	1440.5	1575	
@depthModel	1504	1545.5	1441	1575.5	
@depthModel	1504.5	1545.5	1441	1576.5	
@depthModel	1505	1546	1441	1577	
@depthModel	1505.5	1546.5	1441.5	1577.5	
@depthModel	1506	1547	1441.5	1578	
@depthModel	1506	1548	1441.5	1578.5	
@depthModel	1506	1549	1441.5	1579	
@depthModel	1506.5	1549.5	1441.5	1579.5	
@depthModel	1507	1549.5	1442	1580	
@depthModel	1507.5	1549.5	1442.5	1580.5	
@depthModel	1508	1549.5	1442.5	1580.5	
@depthModel	1508.5	1549	1443	1581	
@depthModel	1509	1549	1443	1582	
@depthModel	1509.5	1549.5	1442.5	1583	
@depthModel	1510	1550	1442.5	1583.5	
@depthModel	1510	1550.5	1442.5	1584.5	
@depthModel	1510.5	1551	1442.5	1585.5	
@depthModel	1511	1552	1442.5	1585.5	
@depthModel	1511	1552.5	1443	1585.5	
@depthModel	1511	1553.5	1443.5	1586	
@depthModel	1511.5	1554	1444	1586	
@depthModel	1512	1554	1444	1586.5	
@depthModel	1512.5	1554	1444	1587	
@depthModel	1512.5	1554	1444	1588	
@depthModel	1513	1554	1443.5	1589	
@depthModel	1513.5	1554	1444	1589.5	
@depthModel	1514	1554	1444	1590	
@depthModel	1514.5	1554.5	1444	1591	
@depthModel	1515	1555	1444	1591.5	
@depthModel	1515.5	1555.5	1444	1592.5	
@depthModel	1515.5	1556.5	1444	1593	
@depthModel	1516	1557.5	1444	1594.5	
@depthModel	1516	1558	1444	1594.5	
@depthModel	1516	1559	1444	1595	
@depthModel	1516.5	1559	1444.5	1595	
@depthModel	1517	1559	1444.5	1595.5	
@depthModel	1517	1559	1445	1595.5	
@depthModel	1517.5	1559	1445	1596	
@depthModel	1518	1559	1445	1597	
@depthModel	1518.5	1559	1445	1598.5	
@depthModel	1519	1559.5	1445	1599.5	
@depthModel	1519.5	1560	1445	1600.5	
@depthModel	1520	1560.5	1445	1601	
@depthModel	1520.5	1560.5	1445	1601.5	
@depthModel	1520.5	1561.5	1445	1602.5	
@depthModel	1520.5	1563.5	1445.5	1605.5	
@depthModel	1521	1564	1446	1606.5	
@depthModel	1521	1564.5	1447	1607.5	
@depthModel	1521.5	1564.5	1447.5	1608.5	
@depthModel	1522	1564.5	1448	1609.5	
@depthModel	1522.5	1564.5	1449	1610.5	
@depthModel	1523	1564.5	1492	1610.5	
@depthModel	1523.5	1565	1491.5	1612	
@depthModel	1524	1565.5	1491	1613.5	
@depthModel	1524.5	1565.5	1491.5	1614	
@depthModel	1525.5	1565.5	1491.5	1614.5	
@depthModel	1525.5	1566.5	1492.5	1615	
@depthModel	1525.5	1567.5	1493.5	1615	
@depthModel	1525.5	1568.5	1494.5	1615.5	
@depthModel	1525.5	1569.5	1495.5	1615.5	
@depthModel	1525.5	1570	1496	1616.5	
@depthModel	1526	1570	1496	1617	
@depthModel	1526.5	1570	1496.5	1617.5	
@depthModel	1526.5	1570.5	1497	1617.5	
@depthModel	1527	1570.5	1497.5	1618.5	
@depthModel	1527.5	1570.5	1498	1619	
@depthModel	1528.5	1570.5	1498.5	1619.5	
@depthModel	1529	1570.5	1499.5	1619.5	
@depthModel	1529.5	1571	1500	1620	
@depthModel	1530	1571.5	1500.5	1620.5	
@depthModel	1530	1572.5	1501	1621	
@depthModel	1530	1573	1501.5	1621	
@depthModel	1530.5	1574	1502.5	1621	
@depthModel	1530.5	1574.5	1503.5	1621.5	
@depthModel	1530.5	1575.5	1504	1622	
@depthModel	1530.5	1575.5	1504	1622.5	
@depthModel	1531	1576	1504.5	1623	
@depthModel	1531.5	1576	1505	1623.5	
@depthModel	1531.5	1576	1505	1624.5	
@depthModel	1532	1576	1505.5	1625	
@depthModel	1532.5	1576.5	1505.5	1625.5	
@depthModel	1533	1576.5	1506.5	1625.5	
@depthModel	1533.5	1576.5	1507.5	1625.5	
@depthModel	1534.5	1576.5	1508.5	1625.5	
@depthModel	1534.5	1577	1509.5	1625.5	
@depthModel	1535	1577.5	1510.5	1625.5	
@depthModel	1534.5	1578.5	1510.5	1626	
@depthModel	1535	1579	1511	1626.5	
@depthModel	1535	1579.5	1511.5	1627	
@depthModel	1535.5	1580	1511.5	1627.5	
@depthModel	1535.5	1580.5	1512	1628	
@depthModel	1536	1580.5	1512.5	1628	
@depthModel	1536	1581	1512.5	1629	
@depthModel	1536.5	1581	1512.5	1629.5	
@depthModel	1537	1581.5	1513.5	1629.5	
@depthModel	1537	1581.5	1514	1629.5	
@depthModel	1537.5	1581.5	1514.5	1630	
@depthModel	1537.5	1582.5	1515	1630.5	
@depthModel	1538	1582.5	1515.5	1630.5	
@depthModel	1538.5	1582.5	1516	1631	
@depthModel	1539	1583	1516	1631.5	
@depthModel	1539	1583.5	1516	1632	
@depthModel	1539.5	1583.5	1516	1632.5	
@depthModel	1539.5	1584	1516	1633	
@depthModel	1539.5	1584.5	1516	1633.5	
@depthModel	1540	1585	1516	1634	
@depthModel	1540	1585	1515.5	1634.5	
@depthModel	1540.5	1585.5	1515.5	1634.5	
@depthModel	1541	1586	1516	1635.5	
@depthModel	1541	1586	1516.5	1635.5	
@depthModel	1541.5	1586	1517	1635.5	
@depthModel	1542	1586	1518	1636	
@depthModel	1542.5	1586	1518.5	1636	
@depthModel	1543	1586	1519	1636.5	
@depthModel	1543.5	1586	1519.5	1636.5	
@depthModel	1543.5	1586.5	1519.5	1637	
@depthModel	1544	1586.5	1520	1637.5	
@depthModel	1544.5	1586.5	1520	1637.5	
@depthModel	1544.5	1587	1520.5	1638	
@depthModel	1544.5	1587	1520.5	1638.5	
@depthModel	1545	1587.5	1520.5	1639	
@depthModel	1545	1587.5	1520.5	1639	
@depthModel	1545.5	1588	1520.5	1639.5	
@depthModel	1545.5	1588	1520.5	1640	
@depthModel	1545.5	1588.5	1520.5	1640	
@depthModel	1546	1627.5	1521	1640.5	
@depthModel	1546	1628.5	1521.5	1640.5	
@depthModel	1546.5	1628.5	1522	1641	
@depthModel	1547	1628.5	1522.5	1641	
@depthModel	1547.5	1630.5	1523.5	1641	
@depthModel	1547.5	1631	1524	1641	
@depthModel	1547.5	1631.5	1524.5	1641.5	
@depthModel	1548	1632.5	1524.5	1642	
@depthModel	1548	1634	1524.5	1642.5	
@depthModel	1548.5	1634	1524.5	1642.5	
@depthModel	1549.5	1634	1525	1643	
@depthModel	1550	1635.5	1525	1643	
@depthModel	1550	1636	1525.5	1643.5	
@depthModel	1550.5	1636	1526	1643.5	
@depthModel	1551.5	1636.5	1526	1644.5	
@depthModel	1552	1637	1526	1644.5	
@depthModel	1552	1637	1526.5	1645	
@depthModel	1552	1637.5	1527	1645	
@depthModel	1552	1638	1527.5	1645	
@depthModel	1552	1638.5	1528.5	1645	
@depthModel	1551.5	1639.5	1529	1645.5	
@depthModel	1551	1640.5	1529.5	1645.5	
@depthModel	1552.5	1640.5	1530	1645.5	
@depthModel	1554	1640.5	1530.5	1646.5	
@depthModel	1555	1640.5	1530.5	1647	
@depthModel	1555.5	1641	1530.5	1647.5	
@depthModel	1556.5	1641	1531.5	1647.5	
@depthModel	1557.5	1641	1532	1648	
@depthModel	1558	1641	1532.5	1648.5	
@depthModel	1558.5	1641.5	1533	1649	
@depthModel	1558.5	1641.5	1533	1649	
@depthModel	1558.5	1642	1534	1649	
@depthModel	1558	1643	1534.5	1649.5	
@depthModel	1557.5	1643.5	1535	1649.5	
@depthModel	1558	1643.5	1535.5	1650	
@depthModel	1559	1644	1535.5	1650.5	
@depthModel	1560	1644	1536.5	1650.5	
@depthModel	1560.5	1644.5	1539.5	1650.5	
@depthModel	1560.5	1645	1540.5	1651	
@depthModel	1561	1645.5	1540.5	1651.5	
@depthModel	1561.5	1645.5	1540.5	1652	
@depthModel	1562	1645.5	1541	1652.5	
@depthModel	1562.5	1645.5	1541.5	1652.5	
@depthModel	1562.5	1646	1542	1653	
@depthModel	1562.5	1646.5	1542.5	1653	
@depthModel	1563	1647	1544.5	1653	
@depthModel	1563.5	1647	1545.5	1653.5	
@depthModel	1565	1646.5	1545.5	1654	
@depthModel	1565.5	1647	1546	1654	
@depthModel	1565.5	1647.5	1546.5	1654.5	
@depthModel	1565.5	1647.5	1547	1654.5	
@depthModel	1566.5	1647	1548	1654.5	
@depthModel	1568	1646.5	1548	1654.5	
@depthModel	1569.5	1646	1549	1655	
@depthModel	1570	1646	1549.5	1655	
@depthModel	1570.5	1646	1550	1655	
@depthModel	1570.5	1646.5	1550.5	1655.5	
@depthModel	1570.5	1647.5	1551	1655.5	
@depthModel	1572.5	1646.5	1552.5	1655.5	
@depthModel	1573.5	1646.5	1553.5	1655.5	
@depthModel	1574	1646.5	1555	1655.5	
@depthModel	1574.5	1647	1555.5	1656	
@depthModel	1575	1647.5	1557	1656.5	
@depthModel	1575.5	1647.5	1558	1656.5	
@depthModel	1577.5	1647	1558.5	1657	
@depthModel	1579.5	1646.5	1559.5	1657.5	
@depthModel	1580.5	1646.5	1560	1657.5	
@depthModel	1582	1624	1561	1658	
@depthModel	1583	1624.5	1561.5	1658	
@depthModel	1584	1631	1562	1658.5	
@depthModel	1585.5	1631	1563	1659	
@depthModel	1586	1631.5	1564	1659	
@depthModel	1587	1631.5	1564.5	1659.5	
@depthModel	1588	1631	1565.5	1660	
@depthModel	1589.5	1631	1566	1660	
@depthModel	1590.5	1631.5	1567.5	1660.5	
@depthModel	1591.5	1632.5	1570.5	1660.5	
@depthModel	1592	1633	1571	1661	
@depthModel	1592.5	1634	1571.5	1661	
@depthModel	1593.5	1634.5	1572.5	1661	
@depthModel	1594.5	1635	1573	1661	
@depthModel	1595.5	1636.5	1574	1661	
@depthModel	1596	1639	1575	1661	
@depthModel	1596.5	1639.5	1575.5	1661.5	
@depthModel	1597.5	1639.5	1576	1662	
@depthModel	1598.5	1639.5	1576	1662.5	
@depthModel	1600	1640	1576.5	1662.5	
@depthModel	1600.5	1644.5	1576.5	1663	
@depthModel	1601.5	1644.5	1577	1663.5	
@depthModel	1603	1644	1577.5	1663.5	
@depthModel	1604	1644	1577.5	1664	
@depthModel	1605	1645	1577.5	1664.5	
@depthModel	1606	1646	1578	1664.5	
@depthModel	1607	1647.5	1578	1665	
@depthModel	1608	1648	1579	1665	
@depthModel	1609.5	1648.5	1579.5	1665	
@depthModel	1610	1649.5	1580	1665.5	
@depthModel	1610.5	1650.5	1581	1665.5	
@depthModel	1613	1650.5	1582	1666	
@depthModel	1615	1651.5	1583.5	1666	
@depthModel	1615.5	1652	1584.5	1666.5	
@depthModel	1616	1653	1584.5	1667	
@depthModel	1616.5	1654	1585	1667	
@depthModel	1617	1655	1585	1667.5	
@depthModel	1618.5	1655.5	1585.5	1668	
@depthModel	1623	1655.5	1584.5	1668.5	
@depthModel	1621.5	1656.5	1584	1669	
@depthModel	1620.5	1658	1583.5	1670	
@depthModel	1620.5	1658	1585	1671	
@depthModel	1620.5	1658.5	1584.5	1673	
@depthModel	1621	1658.5	1584.5	1675	
@depthModel	1621.5	1659	1585.5	1676	
@depthModel	1622.5	1659	1586	1678.5	
@depthModel	1623	1659	1587	1699	
@depthModel	1623.5	1659.5	1590	1680.5	
@depthModel	1624.5	1659.5	1590	1701.5	
@depthModel	1625	1659.5	1591.5	1703	
@depthModel	1625.5	1660	1592	1704.5	
@depthModel	1625.5	1660.5	1596	1706	
@depthModel	1627	1660.5	1599	1707	
@depthModel	1629	1660.5	1600	1708	
@depthModel	1630.5	1660.5	1601	1709	
@depthModel	1630.5	1661	1602.5	1710.5	
@depthModel	1631	1661.5	1605	1711	
@depthModel	1631	1661.5	1606	1712.5	
@depthModel	1631	1662	1606	1713.5	
@depthModel	1631.5	1662.5	1605.5	1715	
@depthModel	1631.5	1662.5	1608	1715.5	
@depthModel	1631.5	1663	1609.5	1717	
@depthModel	1632	1663.5	1609	1718.5	
@depthModel	1632	1663.5	1609	1720	
@depthModel	1632.5	1664	1610.5	1720.5	
@depthModel	1632.5	1664.5	1611	1722	
@depthModel	1632.5	1665	1611.5	1724	
@depthModel	1633.5	1665	1611.5	1725	
@depthModel	1634.5	1665	1613	1726	
@depthModel	1635	1665.5	1614.5	1727	
@depthModel	1635.5	1665.5	1614.5	1729.5	
@depthModel	1636.5	1666	1615.5	1730.5	
@depthModel	1637	1666	1616	1732	
@depthModel	1638.5	1666	1616.5	1734	
@depthModel	1639	1666.5	1617.5	1735	
@depthModel	1639.5	1666.5	1619	1735.5	
@depthModel	1639.5	1667	1620.5	1736	
@depthModel	1640	1667.5	1620.5	1739	
@depthModel	1640	1668	1621	1741	
@depthModel	1640.5	1668	1621	1743	
@depthModel	1640.5	1668.5	1621.5	1744.5	
@depthModel	1641	1669	1622.5	1746	
@depthModel	1641	1669.5	1622.5	1748	
@depthModel	1641	1670	1623	1749.5	
@depthModel	1642	1670	1623.5	1750.5	
@depthModel	1643	1670	1624.5	1753	
@depthModel	1643.5	1670	1625	1766	
@depthModel	1644.5	1670	1626	1770	
@depthModel	1645	1670.5	1627	1771	
@depthModel	1645.5	1670.5	1628	1782	
@depthModel	1646	1671	1629.5	1783	
@depthModel	1646	1671.5	1630.5	1786	
@depthModel	1646.5	1672	1631	1786.5	
@depthModel	1647	1672.5	1632	1788	
@depthModel	1648	1672.5	1633	1789	
@depthModel	1648.5	1672.5	1634.5	1790	
@depthModel	1649.5	1672.5	1635.5	1791.5	
@depthModel	1650	1672.5	1636	1792	
@depthModel	1650	1673.5	1637	1792.5	
@depthModel	1650.5	1673.5	1638	1794	
@depthModel	1650.5	1674.5	1639.5	1795	
@depthModel	1650.5	1675	1640.5	1795.5	
@depthModel	1650.5	1675.5	1641.5	1796	
@depthModel	1652	1675.5	1642.5	1796.5	
@depthModel	1652.5	1676	1642.5	1797	
@depthModel	1653	1676.5	1643	1797.5	
@depthModel	1653.5	1677	1643	1798	
@depthModel	1654	1677	1643.5	1798.5	
@depthModel	1654.5	1677.5	1644	1799	
@depthModel	1654.5	1678.5	1645	1799	
@depthModel	1654.5	1679.5	1645.5	1799	
@depthModel	1654.5	1680	1645.5	1799.5	
@depthModel	1655	1680.5	1646	1799.5	
@depthModel	1655.5	1681	1646	1800	
@depthModel	1655.5	1682	1646	1800	
@depthModel	1655.5	1683.5	1646.5	1800	
@depthModel	1655.5	1684.5	1646.5	1800.5	
@depthModel	1655.5	1685.5	1647	1800.5	
@depthModel	1655.5	1686	1647	1800.5	
@depthModel	1656	1686.5	1647.5	1801	
@depthModel	1656	1687.5	1648	1801	
@depthModel	1656.5	1688	1648.5	1801	
@depthModel	1656.5	1688.5	1649	1800.5	
@depthModel	1657	1689	1649.5	1801	
@depthModel	1657	1689.5	1650	1801	
@depthModel	1657.5	1690	1650.5	1801	
@depthModel	1657.5	1690.5	1650.5	1801	
@depthModel	1658	1691	1651	1801.5	
@depthModel	1658	1691.5	1651	1801.5	
@depthModel	1658.5	1692	1651.5	1801.5	
@depthModel	1659	1692.5	1651.5	1801.5	
@depthModel	1659	1693	1652	1801.5	
@depthModel	1659.5	1694	1652	1801.5	
@depthModel	1659.5	1695	1652.5	1801.5	
@depthModel	1659.5	1695.5	1652.5	1801.5	
@depthModel	1660	1696	1653	1802	
@depthModel	1660.5	1697	1653.5	1802	
@depthModel	1660.5	1698.5	1654	1802.5	
@depthModel	1661	1707.5	1654.5	1802.5	
@depthModel	1661	1708	1655	1803	
@depthModel	1661.5	1710.5	1655.5	1803.5	
@depthModel	1661.5	1712	1655.5	1804.5	
@depthModel	1661.5	1713.5	1655.5	1805	
@depthModel	1662	1714.5	1656	1805.5	
@depthModel	1662.5	1715.5	1656	1806	
@depthModel	1662.5	1716	1656.5	1806	
@depthModel	1663	1717.5	1656.5	1806.5	
@depthModel	1663	1720	1657	1807	
@depthModel	1663.5	1722	1657	1808	
@depthModel	1664	1723	1657	1809	
@depthModel	1664.5	1724	1657	1809.5	
@depthModel	1665	1725.5	1657.5	1810	
@depthModel	1665.5	1727.5	1657.5	1810.5	
@depthModel	1665.5	1730	1658	1810.5	
@depthModel	1666	1730	1658.5	1811	
@depthModel	1666.5	1730	1659	1811.5	
@depthModel	1667	1730.5	1660	1812	
@depthModel	1667	1731.5	1660.5	1812.5	
@depthModel	1667.5	1732.5	1660.5	1813	
@depthModel	1667.5	1734	1661	1813.5	
@depthModel	1668	1734.5	1661	1813.5	
@depthModel	1668.5	1734.5	1661.5	1844	
@depthModel	1669	1735	1661.5	1843	
@depthModel	1669.5	1735.5	1662	1814	
@depthModel	1670	1735.5	1662.5	1814	
@depthModel	1670.5	1736.5	1663.5	1814.5	