
T(5)	-1.14	1.14	-2.65	2.65	
U(0,4)	3.98986e-17	4	3.98986e-17	4	
General	
bottom	
EG-1	-3522	-3376.5	-3622	-3370.5	
EE-C1	-2846.5	-2577.5	-2869	-2497.5	
EE-C2	248	348.5	240	383	
EE-C3	901	1020.5	894.5	1024.5	
EE-C4	1702	1908.5	1694.5	1917.5	
top	
U(-2,2)	-2	2	-2	2	
Eiszungendom	-2	2	-2	2	
	
	
@General	406.5	6145.5	-46	7157.5	
@	
@	2.372	3.096	1.916	3.52	
@Eiszungendom	-1.74306	1.90494	-1.83506	1.95294	
@bottom	-9272	-6966.5	-9272	-4146.5	
@EG-1	-9024	-3336.5	-9150	-3110.5	
@EE-C1	-8377	-2507	-8681.5	-2487.5	
@EE-C2	-6806	-1191	-7414	-1081.5	
@EE-C3	-5818.5	-324.5	-6517.5	937	
@EE-C4	5664.5	7245.5	3566	7439	
@top	6491.5	7578	4208	7578	
@depthModel	-8642	-2807	-8908	-2678	
@depthModel	-8157	-2354.5	-8508	-2245.5	
@depthModel	-8018	-2150.5	-8345	-2011.5	
@depthModel	-7810.5	-1964	-8171	-1826.5	
@depthModel	-7644	-1777.5	-7992	-1638	
@depthModel	-7446	-1624.5	-7810	-1507	
@depthModel	-7233	-1472	-7664.5	-1363.5	
@depthModel	-7013.5	-1325	-7518	-1237	
@depthModel	-6730	-1079.5	-7315.5	-944	
@depthModel	-6589.5	-957	-7211	-804	
@depthModel	-6467.5	-852.5	-7126	-651.5	
@depthModel	-6332.5	-738	-7012	-497.5	
@depthModel	-6182	-640.5	-6922.5	-396	
@depthModel	-6035	-541.5	-6813.5	-276.5	
@depthModel	-5903	-421	-6684	837	
@depthModel	-5692.5	-246.5	-6454.5	993.5	
@depthModel	-5505	-189.5	-6394	1017	
@depthModel	-5421	-119.5	-6325	1058.5	
@depthModel	-5336.5	-64.5	-6278	236.5	
@depthModel	-5229.5	-7	-6210.5	302.5	
@depthModel	-5126	58.5	-6152	398.5	
@depthModel	-5007	115.5	-6093.5	480.5	
@depthModel	-4947	179	-6011	561	
@depthModel	-4848	232.5	-5952.5	629	
@depthModel	-4773	288.5	-5868	716	
@depthModel	-4680	339.5	-5815.5	775.5	
@depthModel	-4552	402.5	-5732	865.5	
@depthModel	-4506	470	-5629	936.5	
@depthModel	-4409	518	-5552.5	1029	
@depthModel	-4268	580.5	-5481	1112.5	
@depthModel	-4190.5	642	-5404	1215	
@depthModel	-4087	703.5	-5330.5	1283.5	
@depthModel	-4007	760.5	-5235.5	1327.5	
@depthModel	-3923.5	815.5	-5148	1418	
@depthModel	-3809.5	878	-5072	1483.5	
@depthModel	-3707.5	933	-4966	1550	
@depthModel	-3612.5	1002	-4892	1624.5	
@depthModel	-3552.5	1054	-4817.5	1683	
@depthModel	-3452	1109	-4727	1784.5	
@depthModel	-3279	1173.5	-4647	1817	
@depthModel	-3197.5	1247	-4555	1923.5	
@depthModel	-3109	1293.5	-4470.5	1980	
@depthModel	-3002.5	1343	-4398.5	2060	
@depthModel	-2897	1408	-4296	2112.5	
@depthModel	-2786	1461.5	-4235	2188	
@depthModel	-2711.5	1522.5	-4172	2285.5	
@depthModel	-2584.5	1585.5	-4055	2378	
@depthModel	-2415.5	1629.5	-3986.5	2422	
@depthModel	-2294.5	1684	-3890.5	2464.5	
@depthModel	-2196.5	1766	-3837	2495.5	
@depthModel	-2110.5	1813.5	-3736	2588	
@depthModel	-1955.5	1866.5	-3668.5	2651.5	
@depthModel	-1857	1919.5	-3559	2731.5	
@depthModel	-1747	1983.5	-3525.5	2760.5	
@depthModel	-1726.5	2052	-3462.5	2815.5	
@depthModel	-1567.5	2107.5	-3349.5	2882.5	
@depthModel	-1361	2161.5	-3278	2947	
@depthModel	-1253.5	2211.5	-3187.5	3010.5	
@depthModel	-1226	2263.5	-3124.5	3086.5	
@depthModel	-1142	2325	-3063	3127.5	
@depthModel	-1091	2391	-3000.5	3182.5	
@depthModel	-950.5	2464	-2887.5	3257.5	
@depthModel	-950.5	2516	-2842.5	3312	
@depthModel	-758.5	2578	-2761.5	3363.5	
@depthModel	-683	2635.5	-2679.5	3443	
@depthModel	-593.5	2694	-2583.5	3477	
@depthModel	-528	2758	-2493.5	3539.5	
@depthModel	-479.5	2810.5	-2452	3591.5	
@depthModel	-343.5	2863	-2372.5	3671	
@depthModel	-261	2926	-2308.5	3723	
@depthModel	-248.5	2992.5	-2197	3775.5	
@depthModel	-66.5	3043.5	-2126	3838	
@depthModel	-41.5	3103	-2082.5	3905	
@depthModel	28.5	3161.5	-1996	3960	
@depthModel	95.5	3208	-1892	4024	
@depthModel	204.5	3262	-1862	4078	
@depthModel	257	3326	-1736	4125.5	
@depthModel	318	3374	-1656.5	4204	
@depthModel	383.5	3447.5	-1588	4290.5	
@depthModel	482.5	3499	-1560.5	4324	
@depthModel	520.5	3559	-1480	4372.5	
@depthModel	677	3618.5	-1413	4437	
@depthModel	777.5	3685.5	-1313	4473	
@depthModel	849	3756.5	-1232	4546.5	
@depthModel	900.5	3812.5	-1133	4606	
@depthModel	970.5	3877.5	-1064.5	4657	
@depthModel	1069	3953	-981.5	4722.5	
@depthModel	1180	4007.5	-909.5	4777.5	
@depthModel	1250	4057.5	-804.5	4832	
@depthModel	1317	4127.5	-765	4877.5	
@depthModel	1415.5	4188	-664	4946	
@depthModel	1479.5	4253	-581	4989	
@depthModel	1546	4308	-495	5075.5	
@depthModel	1624.5	4367.5	-439	5117.5	
@depthModel	1736	4437.5	-362.5	5191	
@depthModel	1790	4508.5	-272.5	5235.5	
@depthModel	1891	4560	-167	5296	
@depthModel	1982.5	4630.5	-123	5334	
@depthModel	2025.5	4682	-16	5404.5	
@depthModel	2099	4738	50.5	5440.5	
@depthModel	2200.5	4797	128	5508	
@depthModel	2284.5	4854.5	205.5	5567.5	
@depthModel	2358	4916	268.5	5612.5	
@depthModel	2448.5	4980	397.5	5676	
@depthModel	2537.5	5040.5	474	5715.5	
@depthModel	2614.5	5108.5	549	5777.5	
@depthModel	2697.5	5162	599.5	5858	
@depthModel	2761	5229.5	675.5	5898.5	
@depthModel	2822.5	5290	782.5	5962.5	
@depthModel	2928.5	5344.5	836.5	6011	
@depthModel	3006.5	5411	898.5	6084	
@depthModel	3072.5	5463.5	996.5	6122	
@depthModel	3174.5	5531	1121.5	6167	
@depthModel	3275.5	5593	1176.5	6223.5	
@depthModel	3313.5	5645	1233	6252.5	
@depthModel	3429	5705.5	1317	6306.5	
@depthModel	3496	5771.5	1447.5	6347	
@depthModel	3578.5	5826	1531.5	6397	
@depthModel	3665	5888.5	1583.5	6456.5	
@depthModel	3766.5	5953	1666.5	6498.5	
@depthModel	3842	6009.5	1750.5	6547	
@depthModel	3926	6067.5	1845	6588.5	
@depthModel	3960.5	6130	1900	6633	
@depthModel	4087.5	6189	2017.5	6677.5	
@depthModel	4159.5	6250	2105.5	6732.5	
@depthModel	4260.5	6309.5	2149.5	6778.5	
@depthModel	4324	6386	2238.5	6835.5	
@depthModel	4415	6426	2310	6867	
@depthModel	4530	6484.5	2397.5	6898	
@depthModel	4606.5	6540.5	2483	6936	
@depthModel	4686	6603.5	2579	6975	
@depthModel	4767	6657.5	2638	7013.5	
@depthModel	4880.5	6714.5	2751	7051	
@depthModel	4950.5	6769	2817	7090	
@depthModel	5027	6829	2861	7133.5	
@depthModel	5120.5	6879.5	2938.5	7161.5	
@depthModel	5230.5	6933	3040.5	7190	
@depthModel	5310	6984	3116.5	7232	
@depthModel	5393.5	7039.5	3251	7276	
@depthModel	5479.5	7091.5	3318.5	7309	
@depthModel	5559.5	7135	3351.5	7345	
@depthModel	5648	7188	3462.5	7400	
@depthModel	5920.5	7346.5	3702.5	7495.5	
@depthModel	6115	7457.5	3902.5	7548.5	
@depthModel	6322.5	7536.5	4015	7569.5	